_%_%_%_%_%_%_%_%_%_%_%_%_%_%_%_%_%_%_%_%_%_%_%_%_%_%_%_%_%_%_%_%_%_%_%_%_%_%_%_%_%_%_%_%_%
Explicação do cabeção
Ks -> Tamanho de conjunto dominante com menos operaçõe efetuadas
Operacoes -> Optimal number of operações
Tempo -> Tempo para encontrar o conjunto dominante com menos operações efetuadas
Solutions -> Conjunto dominante com menos operações efetuadas
Check_if_correct -> Verificar se é realmente um conjunto dominante, 1(V) 0(F) -1(se não foi encontrado nenhum set)
Nota: Na divisão -> Parâmetros correspondentes ao K que retornou solução <- caso exista o valor 0 nas variaveis Ks_solutions, Operacoes, Tempo, N_configurations, Solutions quer dizer que não foi encontra nenhuma solução (0 é o valor default) 
_%_%_%_%_%_%_%_%_%_%_%_%_%_%_%_%_%_%_%_%_%_%_%_%_%_%_%_%_%_%_%_%_%_%_%_%_%_%_%_%_%_%_%_%_%


%Todos os parâmetros
P =0.125;
Size =[4, 5, 6, 7, 8, 9, 10, 11, 12, 13, 14, 15, 16, 17, 18, 19, 20, 21, 22, 23, 24, 25, 26, 27, 28, 29, 30];
Ks =[[1, 2, 3], [1, 2, 3, 4], [1, 2, 3, 4, 5], [1, 2, 3, 4, 5], [1, 2, 3, 4, 5], [1, 2, 3, 4, 5, 6], [1, 2, 3, 4, 5], [1, 2, 3, 4, 5], [1, 2, 3, 4, 5], [1, 2, 3, 4, 5], [1, 2, 3, 4, 5, 6], [1, 2, 3, 4, 5, 6], [1, 2, 3, 4, 5, 6], [1, 2, 3, 4, 5, 6, 7], [1, 2, 3, 4, 5, 6, 7], [1, 2, 3, 4, 5, 6, 7], [1, 2, 3, 4, 5, 6, 7, 8], [1, 2, 3, 4, 5, 6, 7], [1, 2, 3, 4, 5, 6, 7, 8], [1, 2, 3, 4, 5, 6, 7, 8], [1, 2, 3, 4, 5, 6, 7, 8, 9], [1, 2, 3, 4, 5, 6, 7, 8], [1, 2, 3, 4, 5, 6, 7, 8, 9], [1, 2, 3, 4, 5, 6, 7, 8, 9], [1, 2, 3, 4, 5, 6, 7, 8, 9], [1, 2, 3, 4, 5, 6, 7, 8, 9, 10], [1, 2, 3, 4, 5, 6, 7, 8, 9, 10, 11]];
Operacoes =[[27, 36, 31], [35, 74, 80, 45], [61, 128, 186, 150, 11], [63, 215, 365, 385, 48], [96, 298, 634, 852, 13], [111, 414, 1029, 1650, 1769, 315], [144, 568, 1596, 2952, 840], [148, 773, 2373, 4974, 400], [159, 954, 3375, 7960, 2448], [227, 1216, 4651, 12211, 1026], [221, 1518, 6302, 18084, 19000, 680], [271, 1877, 8316, 19068, 20000, 4935], [320, 2242, 10805, 20060, 21010, 12144], [351, 2670, 13786, 21052, 22000, 23000, 9744], [373, 3184, 17343, 22020, 23000, 24000, 750], [417, 3759, 21582, 23008, 24000, 25000, 13910], [485, 4310, 23243, 24004, 25005, 26000, 27000, 2212], [480, 5004, 24234, 25008, 26000, 27000, 3052], [558, 5706, 25183, 26012, 27000, 28000, 29000, 2490], [603, 6521, 26171, 27004, 28000, 29000, 30000, 26536], [638, 7428, 27129, 28000, 29000, 30000, 31000, 32000, 7425], [729, 8308, 28090, 29004, 30000, 31000, 32000, 18381], [770, 9346, 29081, 30004, 31000, 32000, 33000, 34000, 10675], [849, 10425, 30063, 31000, 32000, 33000, 34000, 35000, 1908], [880, 11640, 31051, 32004, 33000, 34000, 35000, 36000, 14023], [900, 12934, 32045, 33000, 34000, 35000, 36000, 37000, 38000, 2769], [986, 14214, 33084, 34004, 35000, 36000, 37000, 38000, 39000, 40000, 2952]];
Tempos_tentados =[[0.00021630000264849514, 0.00017440000374335796, 0.00016139999934239313], [0.0002018999948631972, 0.00019729999621631578, 0.0001967999996850267, 0.00016840000171214342], [0.0002358999990974553, 0.0002615999983390793, 0.0005520999984582886, 0.0002747999969869852, 0.000182100004167296], [0.00023350000265054405, 0.000360099998943042, 0.0004852999991271645, 0.0004630999974324368, 0.00018950000230688602], [0.00029150000045774505, 0.0005916000009165145, 0.0006519999951706268, 0.0007493000011891127, 0.00016419999883510172], [0.0002677000011317432, 0.00047649999760324135, 0.0009034999966388568, 0.0013143000032869168, 0.0013932000001659617, 0.0006161999990581535], [0.0005069999970146455, 0.0006223000018508174, 0.0016778999997768551, 0.0030910999994375743, 0.0015400999982375652], [0.0003299999953014776, 0.0009114999993471429, 0.0021712000016123056, 0.005789899994852021, 0.0006626000031246804], [0.00032559999817749485, 0.001145800000813324, 0.0031509000036749057, 0.008717199998500291, 0.002119900003890507], [0.0005548999979509972, 0.0010976999983540736, 0.0055378000033670105, 0.012485299994295929, 0.001061300004948862], [0.0005072000058135018, 0.0016585999983362854, 0.006001500005368143, 0.02094819999911124, 0.02148309999756748, 0.0006558000022778288], [0.00043649999861372635, 0.0015857999969739467, 0.011051399997086264, 0.021694000002753455, 0.021891499993216712, 0.0047998000009101816], [0.0006739000018569641, 0.001833700000133831, 0.011484499998914544, 0.022164100002555642, 0.022080900002038106, 0.01103059999877587], [0.0005956999957561493, 0.0024546999993617646, 0.014055700004973914, 0.02179519999481272, 0.022675700005493127, 0.022525899999891408, 0.008887399999366608], [0.000825099996291101, 0.0034508999960962683, 0.02367660000163596, 0.023095799995644484, 0.03119229999720119, 0.02766249999694992, 0.0008372000011149794], [0.0005104000010760501, 0.0030657000024802983, 0.023503399999754038, 0.02526450000004843, 0.025023700000019744, 0.029451000002154615, 0.011922499994398095], [0.0009804000001167879, 0.003400800000235904, 0.02675430000090273, 0.025248199999623466, 0.025703100000100676, 0.027880499997991137, 0.027394400000048336, 0.0019813999970210716], [0.0005590000000665896, 0.006039699997927528, 0.026547199995548, 0.026082799995492678, 0.027163999999174848, 0.027128599998832215, 0.0028544999950099736], [0.0009661999938543886, 0.004815499996766448, 0.026702800001658034, 0.028686099998594727, 0.02808760000334587, 0.029006500000832602, 0.03010809999977937, 0.002374499999859836], [0.0006448999993153848, 0.0055275000049732625, 0.02735979999852134, 0.029078699997626245, 0.029564899996330496, 0.029639499996847007, 0.029659400002856273, 0.024607200000900775], [0.0006637999977101572, 0.00639239999873098, 0.031425100001797546, 0.029665900001418777, 0.02809220000199275, 0.030902600003173575, 0.029582299997855444, 0.03128360000118846, 0.005838600001879968], [0.0010428000023239292, 0.009596800002327655, 0.02862920000188751, 0.031331099999079015, 0.03205280000111088, 0.033914500003447756, 0.03383670000039274, 0.01623929999914253], [0.00111750000360189, 0.008091499999864027, 0.03495490000204882, 0.030302200000733137, 0.03261390000261599, 0.03350030000001425, 0.03401519999897573, 0.034014100005151704, 0.00931309999577934], [0.0008984000014606863, 0.008909400006814394, 0.03197169999475591, 0.03053619999991497, 0.03206820000195876, 0.033680699998512864, 0.03381159999844385, 0.03295780000189552, 0.0018398999964119866], [0.0008208999934140593, 0.01143440000305418, 0.030073199995968025, 0.034483799994632136, 0.04311700000107521, 0.035860500000126194, 0.03553150000516325, 0.035993400000734255, 0.011973299995588604], [0.0008668000009492971, 0.011075700000219513, 0.031103899993468076, 0.03287819999968633, 0.032685600002878346, 0.03627090000372846, 0.0423776999959955, 0.03860430000349879, 0.03967389999888837, 0.003236199998355005], [0.000935099997150246, 0.012884300005680416, 0.035473099997034296, 0.0330790000007255, 0.03723850000096718, 0.03498580000450602, 0.03590770000300836, 0.03682629999821074, 0.03839030000381172, 0.05905910000001313, 0.0028645999991567805]];
N_Configurations =[[4, 6, 4], [5, 10, 10, 5], [6, 15, 20, 15, 1], [7, 21, 35, 35, 4], [8, 28, 56, 70, 1], [9, 36, 84, 126, 126, 21], [10, 45, 120, 210, 56], [11, 55, 165, 330, 25], [12, 66, 220, 495, 144], [13, 78, 286, 715, 57], [14, 91, 364, 1000, 1000, 34], [15, 105, 455, 1000, 1000, 235], [16, 120, 560, 1000, 1000, 552], [17, 136, 680, 1000, 1000, 1000, 406], [18, 153, 816, 1000, 1000, 1000, 30], [19, 171, 969, 1000, 1000, 1000, 535], [20, 190, 1000, 1000, 1000, 1000, 1000, 79], [21, 210, 1000, 1000, 1000, 1000, 109], [22, 231, 1000, 1000, 1000, 1000, 1000, 83], [23, 253, 1000, 1000, 1000, 1000, 1000, 856], [24, 276, 1000, 1000, 1000, 1000, 1000, 1000, 225], [25, 300, 1000, 1000, 1000, 1000, 1000, 557], [26, 325, 1000, 1000, 1000, 1000, 1000, 1000, 305], [27, 351, 1000, 1000, 1000, 1000, 1000, 1000, 53], [28, 378, 1000, 1000, 1000, 1000, 1000, 1000, 379], [29, 406, 1000, 1000, 1000, 1000, 1000, 1000, 1000, 71], [30, 435, 1000, 1000, 1000, 1000, 1000, 1000, 1000, 1000, 72]];

%Parâmetros correspondentes ao K que retornou solução
Ks_solution =[0, 0, 5, 5, 5, 6, 5, 5, 5, 5, 6, 6, 6, 7, 7, 7, 8, 7, 8, 8, 9, 8, 9, 9, 9, 10, 11];
Operacoes =[0, 0, 11, 48, 13, 315, 840, 400, 2448, 1026, 680, 4935, 12144, 9744, 750, 13910, 2212, 3052, 2490, 26536, 7425, 18381, 10675, 1908, 14023, 2769, 2952];
Tempo =[0, 0, 0.000182100004167296, 0.00018950000230688602, 0.00016419999883510172, 0.0006161999990581535, 0.0015400999982375652, 0.0006626000031246804, 0.002119900003890507, 0.001061300004948862, 0.0006558000022778288, 0.0047998000009101816, 0.01103059999877587, 0.008887399999366608, 0.0008372000011149794, 0.011922499994398095, 0.0019813999970210716, 0.0028544999950099736, 0.002374499999859836, 0.024607200000900775, 0.005838600001879968, 0.01623929999914253, 0.00931309999577934, 0.0018398999964119866, 0.011973299995588604, 0.003236199998355005, 0.0028645999991567805];
N_Configurations =[0, 0, 1, 4, 1, 21, 56, 25, 144, 57, 34, 235, 552, 406, 30, 535, 79, 109, 83, 856, 225, 557, 305, 53, 379, 71, 72];
Solutions =[0, 0, {0, 1, 2, 3, 5}, {0, 1, 2, 3, 4}, {0, 1, 2, 3, 4}, {1, 2, 3, 5, 6, 8}, {0, 5, 7, 8, 9}, {0, 5, 7, 8, 9}, {5, 6, 7, 8, 9}, {5, 6, 7, 8, 9}, {0, 4, 6, 7, 8, 9}, {1, 4, 7, 8, 12, 14}, {2, 4, 6, 7, 8, 9}, {2, 4, 7, 8, 11, 12, 14}, {2, 4, 6, 7, 8, 9, 16}, {2, 4, 7, 11, 12, 14, 17}, {2, 5, 6, 7, 8, 13, 16, 17}, {2, 7, 12, 13, 14, 17, 19}, {2, 7, 8, 11, 13, 18, 19, 21}, {3, 11, 13, 15, 17, 18, 19, 21}, {2, 4, 10, 11, 17, 18, 19, 21, 22}, {3, 4, 6, 7, 8, 13, 18, 20}, {4, 5, 6, 10, 15, 17, 18, 22, 25}, {1, 2, 5, 8, 9, 12, 18, 24, 25}, {5, 7, 8, 11, 15, 18, 21, 24, 26}, {0, 2, 3, 4, 5, 6, 10, 17, 18, 28}, {0, 2, 5, 7, 8, 13, 14, 20, 23, 25, 26}];
Check_if_correct =[-1, -1, 1, 1, 1, 1, 1, 1, 1, 1, 1, 1, 1, 1, 1, 1, 1, 1, 1, 1, 1, 1, 1, 1, 1, 1, 1];

%Parâmetros para gráficos
Total_operacoes =[94, 234, 536, 1076, 1893, 5288, 6100, 8668, 14896, 19331, 45805, 54467, 66581, 92603, 90670, 111676, 132259, 110778, 143949, 173835, 192620, 177512, 209876, 208245, 227598, 261648, 310240];
Total_configurations =[14, 30, 57, 102, 163, 402, 441, 586, 937, 1149, 2503, 2810, 3248, 4239, 4017, 4694, 5289, 4340, 5336, 6132, 6525, 5882, 6656, 6431, 6785, 7506, 8537];
Total_time =[0.0005521000057342462, 0.0007643999924766831, 0.0015064999970491044, 0.0017315000004600734, 0.0024485999965691008, 0.004971399997884873, 0.007438399996317457, 0.009865199994237628, 0.015459400005056523, 0.020736999998916872, 0.05125440000847448, 0.061458999989554286, 0.06926770000427496, 0.09299029999965569, 0.1107403999849339, 0.11874119999993127, 0.1393430999960401, 0.11637579998205183, 0.15074729999469128, 0.17608189999737078, 0.19384650000574766, 0.18664320000971202, 0.2179227000087849, 0.20667390000016894, 0.23928799998975592, 0.2687731999976677, 0.3276438000102644];


%Todos os parâmetros
P =0.25;
Size =[4, 5, 6, 7, 8, 9, 10, 11, 12, 13, 14, 15, 16, 17, 18, 19, 20, 21, 22, 23, 24, 25, 26, 27, 28, 29, 30];
Ks =[[1, 2, 3], [1, 2, 3], [1, 2, 3, 4], [1, 2, 3], [1, 2, 3], [1, 2, 3, 4], [1, 2, 3], [1, 2, 3], [1, 2, 3, 4, 5], [1, 2, 3, 4], [1, 2, 3, 4], [1, 2, 3, 4], [1, 2, 3, 4], [1, 2, 3, 4], [1, 2, 3, 4], [1, 2, 3, 4], [1, 2, 3, 4], [1, 2, 3, 4, 5], [1, 2, 3, 4, 5, 6], [1, 2, 3, 4, 5, 6, 7], [1, 2, 3, 4, 5, 6, 7], [1, 2, 3, 4, 5, 6], [1, 2, 3, 4, 5, 6, 7], [1, 2, 3, 4, 5, 6, 7], [1, 2, 3, 4, 5, 6], [1, 2, 3, 4, 5], [1, 2, 3, 4, 5, 6]];
Operacoes =[[20, 36, 28], [46, 74, 16], [51, 134, 183, 20], [70, 209, 30], [77, 298, 482], [115, 414, 1041, 91], [144, 572, 802], [141, 747, 14], [199, 960, 3369, 7984, 493], [192, 1246, 4657, 7470], [232, 1532, 6302, 1062], [259, 1873, 8313, 6312], [314, 2258, 10799, 220], [406, 2704, 13828, 8408], [364, 3158, 17379, 1584], [426, 3701, 21609, 1104], [481, 4356, 23270, 10424], [494, 4996, 24192, 25008, 650], [530, 5728, 25186, 26004, 27000, 2492], [576, 6541, 26162, 27008, 28000, 29000, 60], [639, 7378, 27102, 28004, 29000, 30000, 4619], [694, 8334, 28111, 29012, 30000, 9424], [754, 9322, 29087, 30000, 31000, 32000, 3828], [843, 10483, 30090, 31004, 32000, 33000, 4760], [908, 11596, 31075, 32004, 33000, 13328], [931, 12876, 32072, 33000, 11628], [1028, 14264, 33075, 34008, 35000, 13428]];
Tempos_tentados =[[0.0002810000005410984, 0.00023230000078910962, 0.0002091999995172955], [0.00023099999816622585, 0.0002719999974942766, 0.00019220000103814527], [0.0002344999957131222, 0.0004867000025114976, 0.00043279999954393134, 0.00024960000155260786], [0.0002351000002818182, 0.00041760000021895394, 0.0003947000004700385], [0.00025209999876096845, 0.000495000000228174, 0.0007126999989850447], [0.00038270000368356705, 0.0006701999955112115, 0.0009959000017261133, 0.0002663999985088594], [0.00043310000182827935, 0.0007847000015317462, 0.0008690000031492673], [0.0003245000043534674, 0.0007928999984869733, 0.0001899999988381751], [0.0004535999978543259, 0.00148790000093868, 0.0030041000063647516, 0.008865699994203169, 0.0006699000005028211], [0.0005416999993030913, 0.0017213999963132665, 0.004855200000747573, 0.007968000005348586], [0.0005421000023488887, 0.0015158000023802742, 0.006012099998770282, 0.001641299997572787], [0.0004481000069063157, 0.0017308000024058856, 0.008842400005960371, 0.005919200004427694], [0.000738000002456829, 0.002519300003768876, 0.012059900000167545, 0.00046180000208551064], [0.0006400999991456047, 0.002909199996793177, 0.015153300002566539, 0.008508300001267344], [0.0005985999960103072, 0.002749999999650754, 0.018938599998364225, 0.0014564000011887401], [0.0007286999971256591, 0.006087000001571141, 0.034302000000025146, 0.001716300001135096], [0.0007240999984787777, 0.004640999999537598, 0.0278768000061973, 0.00942860000213841], [0.0008710999973118305, 0.0047474999955738895, 0.026182100002188236, 0.026888100001087878, 0.001095699997677002], [0.0007243000000016764, 0.005109600002469961, 0.026915299997199327, 0.02729900000122143, 0.027120600003399886, 0.002428100000543054], [0.000760499999159947, 0.0067530000014812686, 0.026928200000838842, 0.029383000000962056, 0.02812840000115102, 0.029127599998901132, 0.000298700004350394], [0.0009550000031595118, 0.006421000005502719, 0.02748989999963669, 0.02935849999630591, 0.030403700002352707, 0.030261100000643637, 0.004527800003415905], [0.001382099995680619, 0.00738880000426434, 0.02903100000548875, 0.030242199994972907, 0.030667699997138698, 0.008283700000902172], [0.0013388000006671064, 0.007961600000271574, 0.03052860000025248, 0.030542300002707634, 0.03345459999400191, 0.03105620000133058, 0.003195000004780013], [0.0010879000037675723, 0.009205000002111774, 0.03328290000354173, 0.03354209999815794, 0.03342559999873629, 0.03296799999952782, 0.00497929999983171], [0.0014388999989023432, 0.010279900001478381, 0.030835300000035204, 0.03258009999990463, 0.033177599994814955, 0.011888199995155446], [0.0014806000035605393, 0.01247299999522511, 0.033202300000994, 0.04007329999876674, 0.012132800002291333], [0.001462200001697056, 0.013935199996922165, 0.036482099996646866, 0.03593170000385726, 0.03652200000215089, 0.012539700001070742]];
N_Configurations =[[4, 6, 4], [5, 10, 2], [6, 15, 20, 2], [7, 21, 3], [8, 28, 43], [9, 36, 84, 7], [10, 45, 61], [11, 55, 1], [12, 66, 220, 495, 29], [13, 78, 286, 438], [14, 91, 364, 59], [15, 105, 455, 332], [16, 120, 560, 11], [17, 136, 680, 400], [18, 153, 816, 72], [19, 171, 969, 48], [20, 190, 1000, 434], [21, 210, 1000, 1000, 25], [22, 231, 1000, 1000, 1000, 89], [23, 253, 1000, 1000, 1000, 1000, 2], [24, 276, 1000, 1000, 1000, 1000, 149], [25, 300, 1000, 1000, 1000, 304], [26, 325, 1000, 1000, 1000, 1000, 116], [27, 351, 1000, 1000, 1000, 1000, 140], [28, 378, 1000, 1000, 1000, 392], [29, 406, 1000, 1000, 342], [30, 435, 1000, 1000, 1000, 373]];

%Parâmetros correspondentes ao K que retornou solução
Ks_solution =[0, 3, 4, 3, 3, 4, 3, 3, 5, 4, 4, 4, 4, 4, 4, 4, 4, 5, 6, 7, 7, 6, 7, 7, 6, 5, 6];
Operacoes =[0, 16, 20, 30, 482, 91, 802, 14, 493, 7470, 1062, 6312, 220, 8408, 1584, 1104, 10424, 650, 2492, 60, 4619, 9424, 3828, 4760, 13328, 11628, 13428];
Tempo =[0, 0.00019220000103814527, 0.00024960000155260786, 0.0003947000004700385, 0.0007126999989850447, 0.0002663999985088594, 0.0008690000031492673, 0.0001899999988381751, 0.0006699000005028211, 0.007968000005348586, 0.001641299997572787, 0.005919200004427694, 0.00046180000208551064, 0.008508300001267344, 0.0014564000011887401, 0.001716300001135096, 0.00942860000213841, 0.001095699997677002, 0.002428100000543054, 0.000298700004350394, 0.004527800003415905, 0.008283700000902172, 0.003195000004780013, 0.00497929999983171, 0.011888199995155446, 0.012132800002291333, 0.012539700001070742];
N_Configurations =[0, 2, 2, 3, 43, 7, 61, 1, 29, 438, 59, 332, 11, 400, 72, 48, 434, 25, 89, 2, 149, 304, 116, 140, 392, 342, 373];
Solutions =[0, {2, 3, 4}, {0, 2, 3, 5}, {4, 5, 6}, {0, 5, 6}, {4, 5, 6, 7}, {9, 2, 4}, {9, 2, 4}, {1, 2, 4, 9, 11}, {9, 2, 12, 4}, {9, 2, 12, 13}, {13, 5, 6, 7}, {8, 9, 12, 4}, {8, 9, 12, 13}, {9, 13, 6, 15}, {1, 13, 6, 15}, {9, 13, 6, 15}, {2, 9, 12, 13, 19}, {0, 5, 8, 11, 12, 20}, {0, 6, 9, 12, 15, 21, 22}, {8, 9, 12, 13, 14, 21, 22}, {7, 9, 14, 17, 20, 23}, {1, 3, 14, 15, 18, 21, 23}, {1, 3, 7, 14, 16, 23, 25}, {1, 7, 9, 12, 14, 23}, {0, 3, 6, 15, 27}, {15, 22, 24, 25, 27, 28}];
Check_if_correct =[-1, 1, 1, 1, 1, 1, 1, 1, 1, 1, 1, 1, 1, 1, 1, 1, 1, 1, 1, 1, 1, 1, 1, 1, 1, 1, 1];

%Parâmetros para gráficos
Total_operacoes =[84, 136, 388, 309, 857, 1661, 1518, 902, 13005, 13565, 9128, 16757, 13591, 25346, 22485, 26840, 38531, 55340, 86940, 117347, 126742, 105575, 135991, 142180, 121911, 90507, 130803];
Total_configurations =[14, 17, 43, 31, 79, 136, 116, 67, 822, 815, 528, 907, 707, 1233, 1059, 1207, 1644, 2256, 3342, 4278, 4449, 3629, 4467, 4518, 3798, 2777, 3838];
Total_time =[0.0007225000008475035, 0.0006951999966986477, 0.001403599999321159, 0.0010474000009708107, 0.0014597999979741871, 0.002315199999429751, 0.002086800006509293, 0.0013074000016786158, 0.014481199999863748, 0.015086300001712516, 0.009711300001072232, 0.016940500019700266, 0.01577900000847876, 0.027210899999772664, 0.023743599995214026, 0.04283399999985704, 0.042670500006352086, 0.059784499993838836, 0.08959690000483533, 0.12137940000684466, 0.12941700001101708, 0.10699549999844749, 0.1380771000040113, 0.14849080000567483, 0.12019999999029096, 0.09936200000083772, 0.13687290000234498];


%Todos os parâmetros
P =0.5;
Size =[4, 5, 6, 7, 8, 9, 10, 11, 12, 13, 14, 15, 16, 17, 18, 19, 20, 21, 22, 23, 24, 25, 26, 27, 28, 29, 30];
Ks =[[1, 2], [1, 2], [1, 2], [1, 2], [1, 2], [1, 2, 3], [1, 2], [1, 2], [1, 2], [1, 2], [1, 2], [1, 2], [1, 2], [1, 2], [1, 2], [1, 2], [1, 2, 3], [1, 2], [1, 2, 3], [1, 2], [1, 2], [1, 2], [1, 2, 3], [1, 2, 3], [1, 2, 3], [1, 2, 3], [1, 2, 3]];
Operacoes =[[21, 6], [34, 7], [48, 32], [64, 54], [87, 84], [98, 428, 60], [116, 84], [143, 335], [176, 430], [196, 332], [220, 668], [278, 618], [292, 1072], [346, 612], [381, 1528], [409, 1561], [480, 4366, 1081], [551, 4825], [546, 5678, 25], [611, 5037], [678, 2598], [714, 6645], [751, 9282, 116], [801, 10443, 240], [889, 11624, 1922], [894, 12936, 704], [1006, 14214, 495]];
Tempos_tentados =[[0.00035009999555768445, 0.00020080000103916973], [0.00024509999639121816, 0.00017490000027464703], [0.0002491999985068105, 0.00028699999529635534], [0.000814499995613005, 0.00030700000206707045], [0.0004910999996354803, 0.00038889999996172264], [0.0004630999974324368, 0.0007010999979684129, 0.00028110000130254775], [0.00037150000571273267, 0.0008159000062732957], [0.0005326000027707778, 0.0005782999942312017], [0.000454699998954311, 0.0009825999950408004], [0.0006069000010029413, 0.00048489999608136714], [0.0004409000030136667, 0.000818600005004555], [0.0004602000044542365, 0.0007331999950110912], [0.0006916999991517514, 0.0019001000036951154], [0.000775100001192186, 0.0010627000010572374], [0.0010237999958917499, 0.0015362999984063208], [0.0005619000003207475, 0.0023438000062014908], [0.0006159999975352548, 0.004235300002619624, 0.0011034999988623895], [0.0007203999994089827, 0.004981799997040071], [0.0013213999991421588, 0.005786900001112372, 0.00025120000645983964], [0.0007618999952683225, 0.004644799999368843], [0.0008196000053430907, 0.002580200001830235], [0.0009663999953772873, 0.006209400002262555], [0.001039699993270915, 0.00932699999975739, 0.0002851999961421825], [0.0009052000023075379, 0.010916599996562582, 0.0005866999999852851], [0.0015674999958719127, 0.0119981000025291, 0.001876299997093156], [0.0015530000018770806, 0.01305300000240095, 0.0010084000023198314], [0.0012019999994663522, 0.01460340000630822, 0.0007431000049109571]];
N_Configurations =[[4, 1], [5, 1], [6, 4], [7, 6], [8, 8], [9, 36, 5], [10, 7], [11, 25], [12, 30], [13, 22], [14, 41], [15, 36], [16, 58], [17, 32], [18, 75], [19, 73], [20, 190, 47], [21, 203], [22, 231, 1], [23, 197], [24, 99], [25, 239], [26, 325, 4], [27, 351, 8], [28, 378, 62], [29, 406, 22], [30, 435, 15]];

%Parâmetros correspondentes ao K que retornou solução
Ks_solution =[2, 2, 2, 2, 2, 3, 2, 2, 2, 2, 2, 2, 2, 2, 2, 2, 3, 2, 3, 2, 2, 2, 3, 3, 3, 3, 3];
Operacoes =[6, 7, 32, 54, 84, 60, 84, 335, 430, 332, 668, 618, 1072, 612, 1528, 1561, 1081, 4825, 25, 5037, 2598, 6645, 116, 240, 1922, 704, 495];
Tempo =[0.00020080000103916973, 0.00017490000027464703, 0.00028699999529635534, 0.00030700000206707045, 0.00038889999996172264, 0.00028110000130254775, 0.0008159000062732957, 0.0005782999942312017, 0.0009825999950408004, 0.00048489999608136714, 0.000818600005004555, 0.0007331999950110912, 0.0019001000036951154, 0.0010627000010572374, 0.0015362999984063208, 0.0023438000062014908, 0.0011034999988623895, 0.004981799997040071, 0.00025120000645983964, 0.004644799999368843, 0.002580200001830235, 0.006209400002262555, 0.0002851999961421825, 0.0005866999999852851, 0.001876299997093156, 0.0010084000023198314, 0.0007431000049109571];
N_Configurations =[1, 1, 4, 6, 8, 5, 7, 25, 30, 22, 41, 36, 58, 32, 75, 73, 47, 203, 1, 197, 99, 239, 4, 8, 62, 22, 15];
Solutions =[{0, 1}, {0, 2}, {0, 2}, {2, 3}, {2, 3}, {1, 3, 4}, {9, 6}, {9, 10}, {9, 4}, {2, 10}, {10, 2}, {9, 4}, {10, 2}, {10, 2}, {10, 2}, {2, 10}, {9, 19, 4}, {2, 10}, {2, 10, 20}, {2, 10}, {10, 2}, {2, 10}, {9, 19, 4}, {10, 11, 22}, {0, 2, 19}, {19, 10, 2}, {24, 25, 17}];
Check_if_correct =[1, 1, 1, 1, 1, 1, 1, 1, 1, 1, 1, 1, 1, 1, 1, 1, 1, 1, 1, 1, 1, 1, 1, 1, 1, 1, 1];

%Parâmetros para gráficos
Total_operacoes =[27, 41, 80, 118, 171, 586, 200, 478, 606, 528, 888, 896, 1364, 958, 1909, 1970, 5927, 5376, 6249, 5648, 3276, 7359, 10149, 11484, 14435, 14534, 15715];
Total_configurations =[5, 6, 10, 13, 16, 50, 17, 36, 42, 35, 55, 51, 74, 49, 93, 92, 257, 224, 254, 220, 123, 264, 355, 386, 468, 457, 480];
Total_time =[0.0005508999965968542, 0.0004199999966658652, 0.0005361999938031659, 0.0011214999976800755, 0.000879999999597203, 0.0014452999967033975, 0.0011874000119860284, 0.0011108999970019795, 0.0014372999939951114, 0.0010917999970843084, 0.0012595000080182217, 0.0011933999994653277, 0.002591800002846867, 0.0018378000022494234, 0.0025600999942980707, 0.0029057000065222383, 0.005954799999017268, 0.005702199996449053, 0.00735950000671437, 0.005406699994637165, 0.003399800007173326, 0.007175799997639842, 0.010651899989170488, 0.012408499998855405, 0.015441899995494168, 0.015614400006597862, 0.01654850001068553];


%Todos os parâmetros
P =0.75;
Size =[4, 5, 6, 7, 8, 9, 10, 11, 12, 13, 14, 15, 16, 17, 18, 19, 20, 21, 22, 23, 24, 25, 26, 27, 28, 29, 30];
Ks =[[1], [1], [1], [1], [1], [1], [1], [1], [1], [1], [1], [1], [1, 2], [1, 2], [1, 2], [1, 2], [1, 2], [1, 2], [1, 2], [1, 2], [1, 2], [1, 2], [1, 2], [1, 2], [1, 2], [1, 2], [1, 2]];
Operacoes =[[23], [18], [7], [60], [9], [31], [94], [148], [13], [85], [61], [183], [305, 90], [344, 38], [364, 80], [468, 105], [473, 44], [496, 23], [518, 24], [608, 125], [670, 52], [696, 297], [772, 168], [832, 232], [862, 120], [957, 124], [989, 1024]];
Tempos_tentados =[[0.00026649999927030876], [0.00017780000052880496], [0.00014849999570287764], [0.00021550000383285806], [0.0001773999974830076], [0.00022960000205785036], [0.0003020000003743917], [0.00044469999556895345], [0.00015210000128718093], [0.00025019999884534627], [0.0002023999986704439], [0.0003924999982700683], [0.0005627999998978339, 0.0003367000026628375], [0.0005664999989676289, 0.00028030000248691067], [0.0005281000048853457, 0.0003684999974211678], [0.000796799999079667, 0.00036080000427318737], [0.0007765000045765191, 0.0003110999969067052], [0.0007043000005069189, 0.00033650000113993883], [0.0007951000006869435, 0.00044630000047618523], [0.0012210999993840232, 0.0007463000001735054], [0.0013590000016847625, 0.0003521000035107136], [0.001542199999676086, 0.0006550999969476834], [0.0018970000019180588, 0.0005689999961759895], [0.0011365000027581118, 0.0004468000042834319], [0.0013621000034618191, 0.00029630000062752515], [0.001689999997324776, 0.000683700003719423], [0.0013908999972045422, 0.0020607000042218715]];
N_Configurations =[[4], [3], [1], [7], [1], [3], [8], [11], [1], [6], [4], [11], [16, 5], [17, 2], [18, 4], [19, 5], [20, 2], [21, 1], [22, 1], [23, 5], [24, 2], [25, 11], [26, 6], [27, 8], [28, 4], [29, 4], [30, 32]];

%Parâmetros correspondentes ao K que retornou solução
Ks_solution =[1, 1, 1, 1, 1, 1, 1, 1, 1, 1, 1, 1, 2, 2, 2, 2, 2, 2, 2, 2, 2, 2, 2, 2, 2, 2, 2];
Operacoes =[23, 18, 7, 60, 9, 31, 94, 148, 13, 85, 61, 183, 90, 38, 80, 105, 44, 23, 24, 125, 52, 297, 168, 232, 120, 124, 1024];
Tempo =[0.00026649999927030876, 0.00017780000052880496, 0.00014849999570287764, 0.00021550000383285806, 0.0001773999974830076, 0.00022960000205785036, 0.0003020000003743917, 0.00044469999556895345, 0.00015210000128718093, 0.00025019999884534627, 0.0002023999986704439, 0.0003924999982700683, 0.0003367000026628375, 0.00028030000248691067, 0.0003684999974211678, 0.00036080000427318737, 0.0003110999969067052, 0.00033650000113993883, 0.00044630000047618523, 0.0007463000001735054, 0.0003521000035107136, 0.0006550999969476834, 0.0005689999961759895, 0.0004468000042834319, 0.00029630000062752515, 0.000683700003719423, 0.0020607000042218715];
N_Configurations =[4, 3, 1, 7, 1, 3, 8, 11, 1, 6, 4, 11, 5, 2, 4, 5, 2, 1, 1, 5, 2, 11, 6, 8, 4, 4, 32];
Solutions =[{2}, {2}, {2}, {2}, {7}, {7}, {7}, {2}, {2}, {2}, {2}, {2}, {3, 7}, {16, 6}, {16, 5}, {9, 17}, {14, 6}, {2, 20}, {16, 21}, {14, 15}, {16, 0}, {16, 15}, {24, 15}, {19, 14}, {16, 21}, {3, 7}, {16, 0}];
Check_if_correct =[1, 1, 1, 1, 1, 1, 1, 1, 1, 1, 1, 1, 1, 1, 1, 1, 1, 1, 1, 1, 1, 1, 1, 1, 1, 1, 1];

%Parâmetros para gráficos
Total_operacoes =[23, 18, 7, 60, 9, 31, 94, 148, 13, 85, 61, 183, 395, 382, 444, 573, 517, 519, 542, 733, 722, 993, 940, 1064, 982, 1081, 2013];
Total_configurations =[4, 3, 1, 7, 1, 3, 8, 11, 1, 6, 4, 11, 21, 19, 22, 24, 22, 22, 23, 28, 26, 36, 32, 35, 32, 33, 62];
Total_time =[0.00026649999927030876, 0.00017780000052880496, 0.00014849999570287764, 0.00021550000383285806, 0.0001773999974830076, 0.00022960000205785036, 0.0003020000003743917, 0.00044469999556895345, 0.00015210000128718093, 0.00025019999884534627, 0.0002023999986704439, 0.0003924999982700683, 0.0008995000025606714, 0.0008468000014545396, 0.0008966000023065135, 0.0011576000033528544, 0.0010876000014832243, 0.0010408000016468577, 0.0012414000011631288, 0.0019673999995575286, 0.0017111000051954761, 0.0021972999966237694, 0.0024659999980940484, 0.0015833000070415437, 0.0016584000040893443, 0.002373700001044199, 0.0034516000014264137];
