_%_%_%_%_%_%_%_%_%_%_%_%_%_%_%_%_%_%_%_%_%_%_%_%_%_%_%_%_%_%_%_%_%_%_%_%_%_%_%_%_%_%_%_%_%
Explicação do cabeção
Ks -> Tamanho de conjunto dominante com menos operaçõe efetuadas
Operacoes -> Optimal number of operações
Tempo -> Tempo para encontrar o conjunto dominante com menos operações efetuadas
Solutions -> Conjunto dominante com menos operações efetuadas
Check_if_correct -> Verificar se é realmente um conjunto dominante, 1(V) 0(F) -1(se não foi encontrada solução)
Nota: Na divisão -> Parâmetros correspondentes ao K que retornou solução <- caso exista o valor 0 nas variaveis Ks_solutions, Operacoes, Tempo, N_configurations, Solutions quer dizer que não foi encontra nenhuma solução (0 é o valor default) 
_%_%_%_%_%_%_%_%_%_%_%_%_%_%_%_%_%_%_%_%_%_%_%_%_%_%_%_%_%_%_%_%_%_%_%_%_%_%_%_%_%_%_%_%_%


%Todos os parâmetros
P =0.125;
Size =[4, 5, 6, 7, 8, 9, 10, 11, 12, 13, 14, 15, 16, 17, 18, 19, 20, 21, 22, 23, 24, 25, 26, 27, 28, 29, 30, 31, 32, 33, 34, 35, 36, 37, 38, 39, 40, 41, 42, 43, 44, 45, 46, 47, 48, 49, 50];
Ks =[[1, 2, 3], [1, 2, 3, 4], [1, 2, 3, 4, 5], [1, 2, 3, 4, 5], [2, 3, 4, 5], [2, 3, 4, 5, 6], [2, 3, 4, 5], [2, 3, 4, 5], [2, 3, 4, 5], [2, 3, 4, 5], [2, 3, 4, 5, 6], [3, 4, 5, 6], [3, 4, 5, 6], [3, 4, 5, 6, 7], [3, 4, 5, 6, 7], [3, 4, 5, 6], [3, 4, 5, 6, 7], [3, 4, 5, 6, 7], [4, 5, 6, 7], [4, 5, 6, 7], [4, 5, 6, 7], [4, 5, 6, 7], [4, 5, 6, 7], [4, 5, 6, 7, 8], [4, 5, 6, 7, 8], [5, 6, 7], [5, 6, 7, 8], [5, 6, 7, 8], [5, 6, 7, 8, 9], [5, 6, 7, 8, 9], [5, 6, 7, 8, 9, 10], [5, 6, 7, 8, 9, 10], [6, 7, 8, 9], [6, 7, 8, 9, 10], [6, 7, 8, 9, 10], [6, 7, 8, 9, 10], [6, 7, 8, 9, 10], [6, 7, 8, 9, 10], [6, 7, 8, 9, 10], [7, 8, 9, 10], [7, 8, 9, 10], [7, 8, 9, 10], [7, 8, 9, 10], [7, 8, 9, 10], [7, 8, 9, 10], [7, 8, 9, 10], [8, 9, 10, 11]];
Operacoes =[[20, 36, 28], [30, 70, 80, 45], [42, 120, 180, 150, 22], [56, 189, 350, 385, 24], [280, 616, 840, 117], [396, 1008, 1638, 1764, 45], [540, 1560, 2940, 1110], [715, 2310, 4950, 400], [924, 3300, 7920, 11305], [1170, 4576, 12155, 7794], [1456, 6188, 18018, 38038, 300], [8190, 25935, 60060, 861], [10640, 36400, 91728, 13970], [13600, 49980, 136136, 284648, 9576], [17136, 67320, 197064, 445536, 47025], [21318, 89148, 279072, 11550], [26220, 116280, 387600, 1007760, 11286], [31920, 149625, 529074, 1465128, 74592], [190190, 711018, 2089164, 29029], [239085, 942172, 2927463, 1003710], [297528, 1232616, 4037880, 116188], [366850, 1593900, 5490100, 3394816], [448500, 2039180, 7367360, 6685536], [544050, 2583360, 9768330, 30193020, 152285], [655200, 3243240, 12809160, 35000000, 475560], [4037670, 16625700, 793368], [4987710, 21375900, 37000000, 6904714], [6116796, 27242397, 38000000, 19966323], [7450912, 34435296, 39000000, 40000000, 12032311], [9018768, 39000000, 40000000, 41000000, 9303672], [10851984, 40000000, 41000000, 42000000, 43000000, 15518536], [12985280, 41000000, 42000000, 43000000, 44000000, 4877775], [42000000, 43000000, 44000000, 1435410], [43000000, 44000000, 45000000, 46000000, 1941147], [44000000, 45000000, 46000000, 47000000, 11875392], [45000000, 46000000, 47000000, 48000000, 4896962], [46000000, 47000000, 48000000, 49000000, 23714700], [47000000, 48000000, 49000000, 50000000, 4170270], [48000000, 49000000, 50000000, 51000000, 6059300], [50000000, 51000000, 52000000, 2481354], [51000000, 52000000, 53000000, 6409260], [52000000, 53000000, 54000000, 20302040], [53000000, 54000000, 55000000, 32848424], [54000000, 55000000, 56000000, 14614686], [55000000, 56000000, 57000000, 20244552], [56000000, 57000000, 58000000, 23553921], [58000000, 59000000, 60000000, 4280553]];
Tempos_tentados =[[0.00019570000586099923, 0.00016709999181330204, 0.0001706000039121136], [0.0001787999935913831, 0.00022170000011101365, 0.00021670000569429249, 0.00022029998945072293], [0.00016710000636521727, 0.00022770000214222819, 0.0003232999879401177, 0.0002673999988473952, 0.00016340000729542226], [0.0001784999913070351, 0.0002849000011337921, 0.0003896999987773597, 0.0004037000035168603, 0.00018540000019129366], [0.00040780000563245267, 0.0006866000039735809, 0.000719899995601736, 0.0002330999996047467], [0.0004915000026812777, 0.0008306999952765182, 0.001422200002707541, 0.0017970000044442713, 0.0002246999938506633], [0.0005273999995552003, 0.001613899992662482, 0.00269950000802055, 0.0010968999995384365], [0.0010649000032572076, 0.0018400999979348853, 0.0034690000029513612, 0.00042180001037195325], [0.0007569000008516014, 0.003002600002218969, 0.005292500005452894, 0.007464199996320531], [0.0010923999943770468, 0.0034001000021817163, 0.008754800001042895, 0.005920399999013171], [0.0018257999909110367, 0.004708100008429028, 0.011847499990835786, 0.024664800002938136, 0.00046749999455641955], [0.005984899995382875, 0.017630099988309667, 0.039632400003029034, 0.0008144999883370474], [0.007168300013290718, 0.024270499998237938, 0.0602225000038743, 0.009320399985881522], [0.009486399998422712, 0.03368910000426695, 0.09337630000663921, 0.19093690000590868, 0.006565599993336946], [0.011744799994630739, 0.045704600008320995, 0.13392359999124892, 0.3006580999935977, 0.031418300000950694], [0.015201700007310137, 0.06496600000537, 0.19538859999738634, 0.00833559999591671], [0.017939699988346547, 0.0793454000086058, 0.2669008000084432, 0.6943320999998832, 0.008224000004702248], [0.02188200000091456, 0.1044318999920506, 0.3651817999925697, 1.0259012000024086, 0.05187370000930969], [0.13189370000327472, 0.48278050000953954, 1.4252153999987058, 0.020505099993897602], [0.16291070000443142, 0.6676852000091458, 2.0549892999988515, 0.7005728999938583], [0.20581359999778215, 0.8818960999924457, 2.804967999996734, 0.0828246000019135], [0.2562482999928761, 1.1503920999966795, 3.8692224999977043, 2.4334498999960488], [0.30915899999672547, 1.4338618000037968, 5.233344099993701, 4.839369900000747], [0.3877604000008432, 1.8381072000047425, 6.978155199991306, 21.76579920000222, 0.10979289999522734], [0.45865869999397546, 2.331757199994172, 9.239114299998619, 25.345802600000752, 0.3426806000061333], [2.874956599989673, 11.980458200006979, 0.5954791999974987], [3.5371998000046005, 15.435410500009311, 26.669398900005035, 4.978900400004932], [4.486921599993366, 20.17493709998962, 28.12883299999521, 14.703934599994682], [5.525171700006467, 25.360944799991557, 29.253155999991577, 30.227056499992614, 9.0216911000025], [6.622375099992496, 28.897047499995097, 29.919000299996696, 30.504205399993225, 6.86738849998801], [7.9427740999963135, 30.064493700003368, 30.874898200010648, 31.340195600001607, 32.00096639999538, 11.446023199998308], [9.546369500007131, 30.86328340000182, 31.923950800002785, 32.67976450000424, 33.3299268999981, 3.6945889000053285], [32.022592100009206, 32.471905700003845, 33.20042749999266, 1.0676437999936752], [32.75916669999424, 34.267949400004, 34.557107300002826, 34.886143199997605, 1.4630342999880668], [33.81457230000524, 34.52241079999658, 35.676717800000915, 36.59146199999668, 9.444865900004515], [34.48000710000633, 35.6748757000023, 36.82108190000872, 37.28797809999378, 3.959426200002781], [35.5646693000017, 36.369643500001985, 37.49777900001209, 38.112538899993524, 18.404162599996198], [36.290457900002366, 38.215037699992536, 38.67556479999621, 39.58479459999944, 3.300891100006993], [37.586454400006915, 38.9593096000026, 39.498437200003536, 40.67199950000213, 4.804978699990897], [40.08579140000802, 41.38100480000139, 41.70211090000521, 1.9689827999973204], [40.857316299996455, 42.02411060000304, 42.88304600000265, 5.176277599995956], [41.96141040000657, 43.12022630000138, 43.54668699999456, 16.491611399993417], [43.11202430000412, 44.57404320000205, 45.339880500003346, 27.31977509999706], [44.15978940000059, 45.57015759999922, 46.250371700007236, 12.138174699997762], [45.13747380000132, 46.47132360000978, 47.353164600004675, 16.82870680000633], [46.453967399997055, 47.73337209998863, 48.69803640000464, 19.882337899995036], [48.87087949999841, 49.53041599999415, 51.23910279999836, 3.6614265000098385]];
N_Configurations =[[5, 7, 5], [6, 11, 11, 6], [7, 16, 21, 16, 2], [8, 22, 36, 36, 2], [29, 57, 71, 9], [37, 85, 127, 127, 3], [46, 121, 211, 74], [56, 166, 331, 25], [67, 221, 496, 665], [79, 287, 716, 433], [92, 365, 1002, 2003, 15], [456, 1366, 3004, 41], [561, 1821, 4369, 635], [681, 2381, 6189, 12377, 399], [817, 3061, 8569, 18565, 1881], [970, 3877, 11629, 462], [1141, 4846, 15505, 38761, 418], [1331, 5986, 20350, 54265, 2664], [7316, 26335, 74614, 1001], [8856, 33650, 100948, 33457], [10627, 42505, 134597, 3748], [12651, 53131, 177101, 106088], [14951, 65781, 230231, 202592], [17551, 80731, 296011, 888031, 4351], [20476, 98281, 376741, 1000001, 13210], [118756, 475021, 22038], [142507, 593776, 1000001, 181703], [169912, 736282, 1000001, 511957], [201377, 906193, 1000001, 1000001, 293471], [237337, 1000001, 1000001, 1000001, 221516], [278257, 1000001, 1000001, 1000001, 1000001, 352694], [324633, 1000001, 1000001, 1000001, 1000001, 108395], [1000001, 1000001, 1000001, 31898], [1000001, 1000001, 1000001, 1000001, 41301], [1000001, 1000001, 1000001, 1000001, 247404], [1000001, 1000001, 1000001, 1000001, 99938], [1000001, 1000001, 1000001, 1000001, 474294], [1000001, 1000001, 1000001, 1000001, 81770], [1000001, 1000001, 1000001, 1000001, 116525], [1000001, 1000001, 1000001, 46818], [1000001, 1000001, 1000001, 118690], [1000001, 1000001, 1000001, 369128], [1000001, 1000001, 1000001, 586579], [1000001, 1000001, 1000001, 256398], [1000001, 1000001, 1000001, 349044], [1000001, 1000001, 1000001, 399219], [1000001, 1000001, 1000001, 70173]];

%Parâmetros correspondentes ao K que retornou solução
Ks_solution =[0, 0, 5, 5, 5, 6, 5, 5, 5, 5, 6, 6, 6, 7, 7, 6, 7, 7, 7, 7, 7, 7, 7, 8, 8, 7, 8, 8, 9, 9, 10, 10, 9, 10, 10, 10, 10, 10, 10, 10, 10, 10, 10, 10, 10, 10, 11];
Operacoes =[0, 0, 22, 24, 117, 45, 1110, 400, 11305, 7794, 300, 861, 13970, 9576, 47025, 11550, 11286, 74592, 29029, 1003710, 116188, 3394816, 6685536, 152285, 475560, 793368, 6904714, 19966323, 12032311, 9303672, 15518536, 4877775, 1435410, 1941147, 11875392, 4896962, 23714700, 4170270, 6059300, 2481354, 6409260, 20302040, 32848424, 14614686, 20244552, 23553921, 4280553];
Tempo =[0, 0, 0.00016340000729542226, 0.00018540000019129366, 0.0002330999996047467, 0.0002246999938506633, 0.0010968999995384365, 0.00042180001037195325, 0.007464199996320531, 0.005920399999013171, 0.00046749999455641955, 0.0008144999883370474, 0.009320399985881522, 0.006565599993336946, 0.031418300000950694, 0.00833559999591671, 0.008224000004702248, 0.05187370000930969, 0.020505099993897602, 0.7005728999938583, 0.0828246000019135, 2.4334498999960488, 4.839369900000747, 0.10979289999522734, 0.3426806000061333, 0.5954791999974987, 4.978900400004932, 14.703934599994682, 9.0216911000025, 6.86738849998801, 11.446023199998308, 3.6945889000053285, 1.0676437999936752, 1.4630342999880668, 9.444865900004515, 3.959426200002781, 18.404162599996198, 3.300891100006993, 4.804978699990897, 1.9689827999973204, 5.176277599995956, 16.491611399993417, 27.31977509999706, 12.138174699997762, 16.82870680000633, 19.882337899995036, 3.6614265000098385];
N_Configurations =[0, 0, 2, 2, 9, 3, 74, 25, 665, 433, 15, 41, 635, 399, 1881, 462, 418, 2664, 1001, 33457, 3748, 106088, 202592, 4351, 13210, 22038, 181703, 511957, 293471, 221516, 352694, 108395, 31898, 41301, 247404, 99938, 474294, 81770, 116525, 46818, 118690, 369128, 586579, 256398, 349044, 399219, 70173];
Solutions =[0, 0, {0, 1, 2, 3, 4}, {1, 2, 3, 4, 6}, {1, 2, 3, 4, 6}, {0, 1, 2, 3, 4, 8}, {5, 6, 7, 8, 9}, {0, 5, 7, 8, 9}, {5, 6, 7, 8, 9}, {5, 6, 7, 8, 9}, {1, 4, 6, 7, 8, 9}, {1, 2, 5, 6, 7, 8}, {2, 4, 6, 7, 8, 11}, {1, 4, 6, 7, 8, 14, 15}, {2, 4, 6, 7, 11, 16, 17}, {4, 6, 7, 15, 17, 18}, {2, 6, 7, 8, 13, 16, 19}, {1, 2, 5, 6, 7, 16, 17}, {2, 5, 7, 11, 14, 17, 21}, {3, 5, 8, 11, 18, 20, 21}, {3, 5, 11, 17, 18, 20, 21}, {3, 5, 11, 17, 18, 20, 21}, {3, 5, 11, 17, 18, 20, 21}, {2, 3, 5, 11, 17, 18, 20, 21}, {3, 4, 5, 11, 17, 18, 20, 21}, {3, 5, 8, 11, 18, 20, 21}, {2, 3, 5, 10, 11, 17, 18, 21}, {1, 2, 3, 5, 10, 12, 17, 18}, {2, 3, 4, 5, 6, 10, 17, 18, 31}, {2, 3, 5, 11, 17, 18, 21, 24, 31}, {2, 5, 11, 17, 18, 21, 24, 25, 27, 31}, {5, 11, 15, 17, 18, 21, 22, 25, 29, 31}, {3, 35, 5, 8, 11, 12, 18, 20, 21}, {0, 33, 35, 5, 7, 11, 13, 18, 20, 30}, {33, 35, 3, 5, 11, 18, 20, 21, 22, 30}, {2, 3, 36, 6, 10, 13, 17, 18, 19, 31}, {2, 35, 4, 36, 10, 11, 13, 17, 18, 22}, {0, 2, 4, 7, 40, 9, 8, 18, 24, 30}, {32, 2, 34, 7, 40, 9, 41, 18, 21, 30}, {2, 34, 35, 8, 10, 12, 13, 18, 23, 25}, {33, 2, 35, 34, 6, 13, 17, 18, 24, 25}, {2, 3, 35, 5, 37, 39, 8, 12, 18, 26}, {33, 6, 40, 41, 10, 16, 21, 22, 28, 30}, {33, 35, 37, 6, 7, 40, 41, 45, 24, 28}, {3, 5, 38, 40, 9, 41, 13, 18, 21, 30}, {32, 37, 6, 7, 9, 41, 11, 45, 19, 31}, {33, 9, 10, 42, 13, 48, 16, 18, 23, 25, 28}];
Check_if_correct =[-1, -1, 1, 1, 1, 1, 1, 1, 1, 1, 1, 1, 1, 1, 1, 1, 1, 1, 1, 1, 1, 1, 1, 1, 1, 1, 1, 1, 1, 1, 1, 1, 1, 1, 1, 1, 1, 1, 1, 1, 1, 1, 1, 1, 1, 1, 1];

%Parâmetros para gráficos
Total_operacoes =[84, 225, 514, 1004, 1853, 4851, 6150, 8375, 23449, 25695, 64000, 95046, 152738, 493940, 774081, 401088, 1549146, 2250339, 3019401, 5112430, 5684212, 10845666, 16540576, 43241045, 52183160, 21456738, 70268324, 91325516, 132918519, 138322440, 192370520, 187863055, 130435410, 179941147, 193875392, 190896962, 213714700, 198170270, 204059300, 155481354, 162409260, 179302040, 194848424, 179614686, 188244552, 194553921, 181280553];
Total_configurations =[17, 34, 62, 104, 166, 379, 452, 578, 1449, 1515, 3477, 4867, 7386, 22027, 32893, 16938, 60671, 84596, 109266, 176911, 191477, 348971, 513555, 1286675, 1508709, 615815, 1917987, 2418152, 3401043, 3458856, 4630955, 4433032, 3031901, 4041305, 4247408, 4099942, 4474298, 4081774, 4116529, 3046821, 3118693, 3369131, 3586582, 3256401, 3349047, 3399222, 3070176];
Total_time =[0.0005334000015864149, 0.0008374999888474122, 0.0011489000025903806, 0.0014421999949263409, 0.0020474000048125163, 0.0047660999989602715, 0.005937699999776669, 0.006795800014515407, 0.016516200004843995, 0.01916769999661483, 0.04351369998767041, 0.06406189997505862, 0.10098170000128448, 0.3340543000085745, 0.5234493999887491, 0.2838919000059832, 1.066742000009981, 1.5692705999972532, 2.0603947000054177, 3.586158100006287, 3.975502299988875, 7.709312799983309, 11.81573479999497, 31.07961489999434, 37.71801339999365, 15.45089399999415, 50.62090960002388, 67.49462629997288, 99.38802009998471, 102.81001679996552, 143.66935120000562, 142.0378840000194, 98.76256909999938, 137.93340089998674, 150.05002880000393, 148.22336900001392, 165.9487933000055, 156.06674609999754, 161.52117940000608, 125.13788990001194, 130.9407504999981, 145.11993509999593, 160.34572310000658, 148.1184934000048, 155.7906688000221, 162.76771379998536, 153.30182480000076];


%Todos os parâmetros
P =0.25;
Size =[4, 5, 6, 7, 8, 9, 10, 11, 12, 13, 14, 15, 16, 17, 18, 19, 20, 21, 22, 23, 24, 25, 26, 27, 28, 29, 30, 31, 32, 33, 34, 35, 36, 37, 38, 39, 40, 41, 42, 43, 44, 45, 46, 47, 48, 49, 50];
Ks =[[3, 1, 2], [3, 4], [3, 4], [3], [3], [3, 4], [3, 4], [3], [3, 4], [3, 4], [3, 4], [3, 4], [3, 4], [3, 4], [3, 4], [3, 4], [3, 4], [3, 4], [3, 4, 5], [3, 4, 5, 6], [3, 4, 5], [3, 4, 5], [3, 4, 5], [3, 4, 5], [3, 4, 5], [3, 4, 5], [3, 4, 5], [3, 4, 5], [3, 4, 5], [3, 4, 5], [3, 4, 5], [3, 4, 5], [3, 4, 5], [3, 4, 5], [3, 4, 5], [3, 4, 5], [3, 4, 5], [3, 4, 5], [3, 4, 5, 6], [3, 4, 5, 6], [3, 4, 5, 6], [3, 4, 5, 6], [3, 4, 5, 6], [3, 4, 5, 6], [3, 4, 5, 6], [3, 4, 5, 6], [3, 4, 5, 6]];
Operacoes =[[28, 20, 36], [80, 9], [180, 10], [60], [33], [1008, 26], [1560, 308], [1106], [3300, 5520], [4576, 272], [6188, 180], [8190, 1482], [10640, 800], [13600, 6720], [17136, 7546], [21318, 4968], [26220, 2832], [31920, 7825], [38500, 190190, 1404], [46046, 239085, 942172, 142796], [54648, 297528, 743734], [64400, 366850, 1018230], [75400, 448500, 345309], [87750, 544050, 1726848], [101556, 655200, 28182], [116928, 783783, 127432], [133980, 931770, 168875], [152830, 1101275, 1376280], [173600, 1294560, 490361], [196416, 1514040, 677958], [221408, 1762288, 3530475], [248710, 2042040, 1639080], [278460, 2356200, 2040488], [310800, 2707845, 10327464], [345876, 3100230, 12742792], [383838, 3536793, 17680828], [424840, 4021160, 11190825], [469040, 4557150, 3088624], [516600, 5148780, 39981396, 516288], [567686, 5800270, 46204704, 2136939], [622468, 6516048, 49000000, 2909250], [681120, 7300755, 50000000, 2699226], [743820, 8159250, 51000000, 8880820], [810750, 9096615, 52000000, 8260474], [882096, 10118160, 53000000, 805788], [958048, 11229428, 54000000, 4434485], [1038800, 12436200, 55000000, 7726936]];
Tempos_tentados =[[0.00018740000086836517, 0.00018440000712871552, 0.00032310000096913427], [0.0003184999950462952, 0.00017769999976735562], [0.00031620000663679093, 0.00017559999832883477], [0.00019459999748505652], [0.0001581999968038872], [0.0009220999927492812, 0.00017150001076515764], [0.0012038999993819743, 0.0006244999967748299], [0.0009813000069698319], [0.0026574999938020483, 0.004435200011357665], [0.004081000006408431, 0.00045039999531582], [0.007958100002724677, 0.00042799999937415123], [0.006873599995742552, 0.0020545000006677583], [0.007772600001771934, 0.0007303000020328909], [0.010320200002752244, 0.004792399995494634], [0.01237740000942722, 0.005505099994479679], [0.015226999996230006, 0.0039810000016586855], [0.018986700000823475, 0.002577400009613484], [0.022891100001288578, 0.005662199997459538], [0.027083199995104223, 0.1376658000081079, 0.0014315000007627532], [0.03339290000440087, 0.1722581999929389, 0.6677488999994239, 0.09935180000320543], [0.039389800003846176, 0.21624809999775607, 0.5290616000129376], [0.04605090001132339, 0.2739464000042062, 0.7475244999950519], [0.05502430000342429, 0.33338860000367276, 0.26134820000152104], [0.06429270000080578, 0.4060375999979442, 1.2862375000113389], [0.07399059999443125, 0.4877693000016734, 0.021599400002742186], [0.08717949999845587, 0.5804830999986734, 0.09502839999913704], [0.09948839999560732, 0.6986649000027683, 0.1300288000056753], [0.11120349999691825, 0.815185700004804, 1.050683499997831], [0.12841599999228492, 0.9721673000021838, 0.3822491000028094], [0.1463032000028761, 1.1500549999909708, 0.5503577000054065], [0.16880839999066666, 1.3580046000133734, 2.798609600009513], [0.18511749999015592, 1.5674792999925558, 1.3056310999963898], [0.2151270000031218, 1.848483200010378, 1.6520086000091396], [0.24020960000052582, 2.133862399990903, 8.13070599999628], [0.26508080000348855, 2.4437557000055676, 10.421246300000348], [0.29027169999608304, 2.792020200009574, 14.000166199999512], [0.3316650000051595, 3.165913200005889, 9.106478100002278], [0.3723807000060333, 3.6163295000005746, 2.495469100002083], [0.41211330000078306, 4.2219645000004675, 33.26879310001095, 0.4331864999985555], [0.44847880001179874, 4.666401300011785, 38.13671340000292, 1.7476380000007339], [0.49956070000189357, 5.2953986000065925, 41.440528999999515, 2.404895599989686], [0.5355605999939144, 5.873359999997774, 41.65746840000793, 2.2755121999944095], [0.6067807000072207, 6.675166100001661, 43.399043500001426, 7.436390000002575], [0.6598311999987345, 7.422707499994431, 43.794264899988775, 7.0926921000063885], [0.7203962999919895, 8.443686600003275, 44.85835740000766, 0.6916135000064969], [0.7817780000041239, 9.447628499998245, 46.030964200006565, 3.793112799990922], [0.8399929000006523, 10.365972900006454, 47.00241919999826, 6.704428299999563]];
N_Configurations =[[5, 5, 7], [11, 1], [21, 1], [6], [3], [85, 2], [121, 22], [79], [221, 345], [287, 16], [365, 10], [456, 78], [561, 40], [681, 320], [817, 343], [970, 216], [1141, 118], [1331, 313], [1541, 7316, 52], [1772, 8856, 33650, 4924], [2025, 10627, 25646], [2301, 12651, 33941], [2601, 14951, 11139], [2926, 17551, 53964], [3277, 20476, 854], [3655, 23752, 3748], [4061, 27406, 4825], [4496, 31466, 38230], [4961, 35961, 13253], [5457, 40921, 17841], [5985, 46377, 90525], [6546, 52361, 40977], [7141, 58906, 49768], [7771, 66046, 245892], [8437, 73816, 296344], [9140, 82252, 401837], [9881, 91391, 248685], [10661, 101271, 67144], [11481, 111931, 850669, 10756], [12342, 123411, 962599, 43611], [13245, 135752, 1000001, 58185], [14191, 148996, 1000001, 52926], [15181, 163186, 1000001, 170785], [16216, 178366, 1000001, 155858], [17297, 194581, 1000001, 14922], [18425, 211877, 1000001, 80627], [19601, 230301, 1000001, 137981]];

%Parâmetros correspondentes ao K que retornou solução
Ks_solution =[0, 4, 4, 3, 3, 4, 4, 3, 4, 4, 4, 4, 4, 4, 4, 4, 4, 4, 5, 6, 5, 5, 5, 5, 5, 5, 5, 5, 5, 5, 5, 5, 5, 5, 5, 5, 5, 5, 6, 6, 6, 6, 6, 6, 6, 6, 6];
Operacoes =[0, 9, 10, 60, 33, 26, 308, 1106, 5520, 272, 180, 1482, 800, 6720, 7546, 4968, 2832, 7825, 1404, 142796, 743734, 1018230, 345309, 1726848, 28182, 127432, 168875, 1376280, 490361, 677958, 3530475, 1639080, 2040488, 10327464, 12742792, 17680828, 11190825, 3088624, 516288, 2136939, 2909250, 2699226, 8880820, 8260474, 805788, 4434485, 7726936];
Tempo =[0, 0.00017769999976735562, 0.00017559999832883477, 0.00019459999748505652, 0.0001581999968038872, 0.00017150001076515764, 0.0006244999967748299, 0.0009813000069698319, 0.004435200011357665, 0.00045039999531582, 0.00042799999937415123, 0.0020545000006677583, 0.0007303000020328909, 0.004792399995494634, 0.005505099994479679, 0.0039810000016586855, 0.002577400009613484, 0.005662199997459538, 0.0014315000007627532, 0.09935180000320543, 0.5290616000129376, 0.7475244999950519, 0.26134820000152104, 1.2862375000113389, 0.021599400002742186, 0.09502839999913704, 0.1300288000056753, 1.050683499997831, 0.3822491000028094, 0.5503577000054065, 2.798609600009513, 1.3056310999963898, 1.6520086000091396, 8.13070599999628, 10.421246300000348, 14.000166199999512, 9.106478100002278, 2.495469100002083, 0.4331864999985555, 1.7476380000007339, 2.404895599989686, 2.2755121999944095, 7.436390000002575, 7.0926921000063885, 0.6916135000064969, 3.793112799990922, 6.704428299999563];
N_Configurations =[0, 1, 1, 6, 3, 2, 22, 79, 345, 16, 10, 78, 40, 320, 343, 216, 118, 313, 52, 4924, 25646, 33941, 11139, 53964, 854, 3748, 4825, 38230, 13253, 17841, 90525, 40977, 49768, 245892, 296344, 401837, 248685, 67144, 10756, 43611, 58185, 52926, 170785, 155858, 14922, 80627, 137981];
Solutions =[0, {0, 1, 2, 3}, {1, 2, 3, 4}, {4, 5, 6}, {4, 5, 6}, {0, 1, 6, 7}, {0, 8, 3, 5}, {9, 2, 4}, {9, 2, 11, 4}, {8, 9, 12, 4}, {8, 9, 13, 1}, {9, 2, 12, 13}, {0, 9, 12, 8}, {9, 2, 12, 4}, {9, 2, 12, 4}, {9, 2, 12, 13}, {9, 13, 14, 15}, {8, 9, 12, 13}, {1, 13, 14, 15, 20}, {0, 7, 9, 12, 14, 22}, {7, 9, 12, 14, 23}, {7, 9, 12, 14, 23}, {7, 9, 12, 14, 23}, {7, 9, 12, 14, 23}, {0, 3, 6, 15, 27}, {7, 17, 24, 27, 28}, {5, 15, 23, 24, 28}, {15, 23, 24, 27, 28}, {1, 3, 15, 23, 28}, {1, 15, 23, 24, 28}, {7, 9, 12, 14, 23}, {32, 1, 15, 23, 28}, {32, 7, 12, 26, 27}, {7, 9, 12, 14, 23}, {32, 37, 13, 15, 17}, {32, 37, 13, 15, 17}, {7, 9, 12, 26, 27}, {32, 1, 15, 23, 28}, {32, 4, 37, 6, 15, 17}, {3, 7, 9, 12, 26, 27}, {3, 7, 9, 12, 26, 27}, {9, 15, 22, 23, 24, 28}, {7, 9, 12, 22, 26, 27}, {0, 3, 8, 17, 19, 27}, {38, 7, 9, 12, 23, 27}, {32, 36, 9, 12, 13, 22}, {32, 39, 7, 9, 12, 22}];
Check_if_correct =[-1, 1, 1, 1, 1, 1, 1, 1, 1, 1, 1, 1, 1, 1, 1, 1, 1, 1, 1, 1, 1, 1, 1, 1, 1, 1, 1, 1, 1, 1, 1, 1, 1, 1, 1, 1, 1, 1, 1, 1, 1, 1, 1, 1, 1, 1, 1];

%Parâmetros para gráficos
Total_operacoes =[84, 89, 190, 60, 33, 1034, 1868, 1106, 8820, 4848, 6368, 9672, 11440, 20320, 24682, 26286, 29052, 39745, 230094, 1370099, 1095910, 1449480, 869209, 2358648, 784938, 1028143, 1234625, 2630385, 1958521, 2388414, 5514171, 3929830, 4675148, 13346109, 16188898, 21601459, 15636825, 8114814, 46163064, 54709599, 59047766, 60681101, 68783890, 70167839, 64806044, 70621961, 76201936];
Total_configurations =[17, 12, 22, 6, 3, 87, 143, 79, 566, 303, 375, 534, 601, 1001, 1160, 1186, 1259, 1644, 8909, 49202, 38298, 48893, 28691, 74441, 24607, 31155, 36292, 74192, 54175, 64219, 142887, 99884, 115815, 319709, 378597, 493229, 349957, 179076, 984837, 1141963, 1207183, 1216114, 1349153, 1350441, 1226801, 1310930, 1387884];
Total_time =[0.000694900008966215, 0.0004961999948136508, 0.0004918000049656257, 0.00019459999748505652, 0.0001581999968038872, 0.0010936000035144389, 0.0018283999961568043, 0.0009813000069698319, 0.007092700005159713, 0.004531400001724251, 0.008386100002098829, 0.00892809999641031, 0.008502900003804825, 0.015112599998246878, 0.017882500003906898, 0.01920799999788869, 0.02156410001043696, 0.028553299998748116, 0.16618050000397488, 0.9727517999999691, 0.7846995000145398, 1.0675218000105815, 0.6497611000086181, 1.7565678000100888, 0.5833592999988468, 0.7626909999962663, 0.9281821000040509, 1.9770726999995532, 1.4828323999972781, 1.8467158999992535, 4.325422600013553, 3.0582278999791015, 3.7156188000226393, 10.50477799998771, 13.130082800009404, 17.08245810000517, 12.604056300013326, 6.484179300008691, 38.33605740001076, 44.999231500027236, 49.64038389999769, 50.34190119999403, 58.11738030001288, 58.96949569998833, 54.714053800009424, 60.05348349999986, 64.91281330000493];


%Todos os parâmetros
P =0.5;
Size =[4, 5, 6, 7, 8, 9, 10, 11, 12, 13, 14, 15, 16, 17, 18, 19, 20, 21, 22, 23, 24, 25, 26, 27, 28, 29, 30, 31, 32, 33, 34, 35, 36, 37, 38, 39, 40, 41, 42, 43, 44, 45, 46, 47, 48, 49, 50];
Ks =[[2], [2], [2], [2], [2], [2, 3], [2], [2], [2], [2], [2], [2], [2], [2], [2], [2], [2, 3], [2, 3], [2], [2], [2], [2], [2, 3], [2, 3], [2, 3], [2, 3], [2, 3], [2, 3], [2, 3], [2, 3], [2, 3], [2, 3], [2, 3], [2, 3], [2, 3], [2, 3], [2, 3], [2, 3], [2, 3], [2, 3], [2, 3], [2, 3], [2, 3], [2, 3], [2, 3], [2, 3], [2, 3]];
Operacoes =[[6], [7], [8], [108], [90], [396, 12], [72], [611], [84], [30], [304], [680], [1404], [2071], [2520], [357], [4180, 299], [4830, 192], [2424], [1850], [5356], [6426], [9100, 1334], [10179, 1800], [11340, 1643], [12586, 256], [13920, 858], [15345, 646], [16864, 1155], [18480, 72], [20196, 777], [22015, 9044], [23940, 10569], [25974, 5960], [28120, 60352], [30381, 31962], [32760, 9202], [35260, 70400], [37884, 27495], [40635, 2944], [43516, 8225], [46530, 4416], [49680, 9604], [52969, 11700], [56400, 25092], [59976, 31304], [63700, 147499]];
Tempos_tentados =[[0.00017979998665396124], [0.00016060000052675605], [0.00014940000255592167], [0.00021559999731834978], [0.0002099999983329326], [0.0004129999870201573, 0.0001340000017080456], [0.0001880999916465953], [0.000560200001928024], [0.0001883999939309433], [0.00018899999849963933], [0.0004307999915909022], [0.0006839999987278134], [0.0015214000013656914], [0.002076899996609427], [0.0023153999936766922], [0.0008366999973077327], [0.003351699997438118, 0.0004867999959969893], [0.004378300000098534, 0.0004440000047907233], [0.002547800002503209], [0.0018171999981859699], [0.004754300010972656], [0.0051672000117832795], [0.007109199999831617, 0.0014671999961137772], [0.008422500002779998, 0.0021059999999124557], [0.008931599993957207, 0.0022450999967986718], [0.01043789999675937, 0.0004659999976865947], [0.011113900007330813, 0.001033600012306124], [0.012046399991959333, 0.0008634999976493418], [0.015583700005663559, 0.0017638999997870997], [0.015619599987985566, 0.0002423000114504248], [0.016403999994508922, 0.0008034999918891117], [0.017868599999928847, 0.007737799998722039], [0.019430100001045503, 0.009510499992757104], [0.021211900006164797, 0.005269399989629164], [0.023354000004474074, 0.0508589000091888], [0.025404900006833486, 0.027443200000561774], [0.02762379999330733, 0.008127099994453602], [0.0301783000031719, 0.060014499991666526], [0.03195330000016838, 0.023830999998608604], [0.035225900006480515, 0.0027649999974528328], [0.03810979999252595, 0.007509999995818362], [0.04119190000346862, 0.004366000008303672], [0.043395499989856035, 0.008698099991306663], [0.047011899994686246, 0.011012000002665445], [0.05092940000758972, 0.0233040000020992], [0.05301150000013877, 0.030048899992834777], [0.0569334999890998, 0.13378910000028554]];
N_Configurations =[[1], [1], [1], [12], [9], [37, 1], [6], [47], [6], [2], [19], [40], [78], [109], [126], [17], [191, 13], [211, 8], [101], [74], [206], [238], [326, 46], [352, 60], [379, 53], [407, 8], [436, 26], [466, 19], [497, 33], [529, 2], [562, 21], [596, 238], [631, 271], [667, 149], [704, 1472], [742, 761], [781, 214], [821, 1600], [862, 611], [904, 64], [947, 175], [991, 92], [1036, 196], [1082, 234], [1129, 492], [1177, 602], [1226, 2783]];

%Parâmetros correspondentes ao K que retornou solução
Ks_solution =[2, 2, 2, 2, 2, 3, 2, 2, 2, 2, 2, 2, 2, 2, 2, 2, 3, 3, 2, 2, 2, 2, 3, 3, 3, 3, 3, 3, 3, 3, 3, 3, 3, 3, 3, 3, 3, 3, 3, 3, 3, 3, 3, 3, 3, 3, 3];
Operacoes =[6, 7, 8, 108, 90, 12, 72, 611, 84, 30, 304, 680, 1404, 2071, 2520, 357, 299, 192, 2424, 1850, 5356, 6426, 1334, 1800, 1643, 256, 858, 646, 1155, 72, 777, 9044, 10569, 5960, 60352, 31962, 9202, 70400, 27495, 2944, 8225, 4416, 9604, 11700, 25092, 31304, 147499];
Tempo =[0.00017979998665396124, 0.00016060000052675605, 0.00014940000255592167, 0.00021559999731834978, 0.0002099999983329326, 0.0001340000017080456, 0.0001880999916465953, 0.000560200001928024, 0.0001883999939309433, 0.00018899999849963933, 0.0004307999915909022, 0.0006839999987278134, 0.0015214000013656914, 0.002076899996609427, 0.0023153999936766922, 0.0008366999973077327, 0.0004867999959969893, 0.0004440000047907233, 0.002547800002503209, 0.0018171999981859699, 0.004754300010972656, 0.0051672000117832795, 0.0014671999961137772, 0.0021059999999124557, 0.0022450999967986718, 0.0004659999976865947, 0.001033600012306124, 0.0008634999976493418, 0.0017638999997870997, 0.0002423000114504248, 0.0008034999918891117, 0.007737799998722039, 0.009510499992757104, 0.005269399989629164, 0.0508589000091888, 0.027443200000561774, 0.008127099994453602, 0.060014499991666526, 0.023830999998608604, 0.0027649999974528328, 0.007509999995818362, 0.004366000008303672, 0.008698099991306663, 0.011012000002665445, 0.0233040000020992, 0.030048899992834777, 0.13378910000028554];
N_Configurations =[1, 1, 1, 12, 9, 1, 6, 47, 6, 2, 19, 40, 78, 109, 126, 17, 13, 8, 101, 74, 206, 238, 46, 60, 53, 8, 26, 19, 33, 2, 21, 238, 271, 149, 1472, 761, 214, 1600, 611, 64, 175, 92, 196, 234, 492, 602, 2783];
Solutions =[{1, 3}, {0, 2}, {2, 3}, {2, 3}, {2, 3}, {0, 1, 4}, {9, 6}, {10, 2}, {9, 10}, {11, 4}, {10, 2}, {10, 2}, {10, 2}, {10, 2}, {10, 2}, {10, 2}, {17, 18, 11}, {17, 10, 7}, {2, 10}, {2, 10}, {2, 10}, {10, 2}, {2, 19, 4}, {25, 10, 20}, {0, 2, 14}, {25, 10, 20}, {25, 20, 14}, {25, 20, 14}, {19, 20, 21}, {24, 17, 25}, {24, 25, 10}, {24, 33, 19}, {8, 3, 21}, {24, 25, 17}, {0, 35, 12}, {16, 17, 7}, {25, 35, 13}, {0, 18, 35}, {41, 19, 39}, {40, 41, 20}, {16, 17, 7}, {40, 16, 23}, {25, 35, 13}, {40, 41, 20}, {0, 2, 6}, {0, 2, 6}, {0, 35, 12}];
Check_if_correct =[1, 1, 1, 1, 1, 1, 1, 1, 1, 1, 1, 1, 1, 1, 1, 1, 1, 1, 1, 1, 1, 1, 1, 1, 1, 1, 1, 1, 1, 1, 1, 1, 1, 1, 1, 1, 1, 1, 1, 1, 1, 1, 1, 1, 1, 1, 1];

%Parâmetros para gráficos
Total_operacoes =[6, 7, 8, 108, 90, 408, 72, 611, 84, 30, 304, 680, 1404, 2071, 2520, 357, 4479, 5022, 2424, 1850, 5356, 6426, 10434, 11979, 12983, 12842, 14778, 15991, 18019, 18552, 20973, 31059, 34509, 31934, 88472, 62343, 41962, 105660, 65379, 43579, 51741, 50946, 59284, 64669, 81492, 91280, 211199];
Total_configurations =[1, 1, 1, 12, 9, 38, 6, 47, 6, 2, 19, 40, 78, 109, 126, 17, 204, 219, 101, 74, 206, 238, 372, 412, 432, 415, 462, 485, 530, 531, 583, 834, 902, 816, 2176, 1503, 995, 2421, 1473, 968, 1122, 1083, 1232, 1316, 1621, 1779, 4009];
Total_time =[0.00017979998665396124, 0.00016060000052675605, 0.00014940000255592167, 0.00021559999731834978, 0.0002099999983329326, 0.0005469999887282029, 0.0001880999916465953, 0.000560200001928024, 0.0001883999939309433, 0.00018899999849963933, 0.0004307999915909022, 0.0006839999987278134, 0.0015214000013656914, 0.002076899996609427, 0.0023153999936766922, 0.0008366999973077327, 0.003838499993435107, 0.004822300004889257, 0.002547800002503209, 0.0018171999981859699, 0.004754300010972656, 0.0051672000117832795, 0.008576399995945394, 0.010528500002692454, 0.011176699990755878, 0.010903899994445965, 0.012147500019636936, 0.012909899989608675, 0.01734760000545066, 0.01586189999943599, 0.017207499986398034, 0.025606399998650886, 0.028940599993802607, 0.02648129999579396, 0.07421290001366287, 0.05284810000739526, 0.03575089998776093, 0.09019279999483842, 0.05578429999877699, 0.03799090000393335, 0.04561979998834431, 0.04555790001177229, 0.0520935999811627, 0.05802389999735169, 0.07423340000968892, 0.08306039999297354, 0.19072259998938534];


%Todos os parâmetros
P =0.75;
Size =[4, 5, 6, 7, 8, 9, 10, 11, 12, 13, 14, 15, 16, 17, 18, 19, 20, 21, 22, 23, 24, 25, 26, 27, 28, 29, 30, 31, 32, 33, 34, 35, 36, 37, 38, 39, 40, 41, 42, 43, 44, 45, 46, 47, 48, 49, 50];
Ks =[[1], [1, 2], [1], [1], [1], [1, 2], [1], [1], [1, 2], [1], [1], [1], [1, 2], [1, 2], [1, 2], [1, 2], [1, 2], [1, 2], [1, 2], [1, 2], [1, 2], [1, 2], [1, 2], [1, 2], [1, 2], [1, 2], [1, 2], [1, 2], [1, 2], [1, 2], [1, 2], [1, 2], [1, 2], [1, 2], [1, 2], [1, 2], [1, 2], [1, 2], [1, 2], [1, 2], [1, 2], [1, 2], [1, 2], [1, 2], [1, 2], [1, 2], [1, 2]];
Operacoes =[[20], [30, 7], [14], [24], [72], [90, 11], [77], [12], [156, 14], [56], [30], [128], [272, 54], [306, 38], [342, 100], [380, 21], [420, 44], [462, 46], [506, 96], [552, 200], [600, 52], [650, 135], [702, 196], [756, 145], [812, 180], [870, 124], [930, 832], [992, 264], [1056, 510], [1122, 245], [1190, 216], [1260, 111], [1332, 228], [1406, 468], [1482, 1280], [1560, 287], [1640, 168], [1722, 1419], [1806, 352], [1892, 405], [1980, 966], [2070, 470], [2162, 1536], [2256, 1127], [2352, 50], [2450, 1479], [2550, 1144]];
Tempos_tentados =[[0.0001680999994277954], [0.00020160000713076442, 0.00015669999993406236], [0.00016399999731220305], [0.00015230001008603722], [0.00029320000612642616], [0.0002457999944454059, 0.00016250000044237822], [0.00023859999782871455], [0.00018529999942984432], [0.0003412000078242272, 0.00014659999578725547], [0.0002114000089932233], [0.0001795999996829778], [0.0007345999911194667], [0.00042189999658148736, 0.0002989999920828268], [0.0005889000021852553, 0.0002182000025641173], [0.0005090999911772087, 0.00025660000392235816], [0.00048600000445730984, 0.00017810000281315297], [0.000501799993799068, 0.000258400003076531], [0.0005435999919427559, 0.00018309999722987413], [0.0006027000054018572, 0.00023800000781193376], [0.0006907999922987074, 0.00032249999640043825], [0.0005957999965175986, 0.00018519999866839498], [0.000757400004658848, 0.00033070000063162297], [0.0009113999985856935, 0.0004152000037720427], [0.0008852000028127804, 0.00025490000552963465], [0.0007944000099087134, 0.0003071999963140115], [0.0010291000071447343, 0.0004090000002179295], [0.0012203000078443438, 0.0015839999978197739], [0.0016233999922405928, 0.0005039999959990382], [0.001177300000563264, 0.0006694999901810661], [0.0016312999941874295, 0.00048750000132713467], [0.0015541000029770657, 0.00043289999302942306], [0.0014321999915409833, 0.00033260000054724514], [0.0013108999992255121, 0.00040099999750964344], [0.0016173999902093783, 0.0005929000035393983], [0.0014825999969616532, 0.0018545999919297174], [0.0015127999940887094, 0.0004827999946428463], [0.002326300003915094, 0.00035909999860450625], [0.001818499993532896, 0.001691099998424761], [0.0017971000052057207, 0.0006052000098861754], [0.0018826000014087185, 0.0005433999904198572], [0.002270400000270456, 0.001247499996679835], [0.0022412000107578933, 0.0010685000015655532], [0.0026070000021718442, 0.002091900008963421], [0.002956700001959689, 0.0015263000095728785], [0.0032740000024205074, 0.00022230000467970967], [0.0027523999888217077, 0.001647099998081103], [0.0028074000001652166, 0.0014937000087229535]];
N_Configurations =[[4], [6, 1], [2], [3], [8], [10, 1], [7], [1], [13, 1], [4], [2], [8], [17, 3], [18, 2], [19, 5], [20, 1], [21, 2], [22, 2], [23, 4], [24, 8], [25, 2], [26, 5], [27, 7], [28, 5], [29, 6], [30, 4], [31, 26], [32, 8], [33, 15], [34, 7], [35, 6], [36, 3], [37, 6], [38, 12], [39, 32], [40, 7], [41, 4], [42, 33], [43, 8], [44, 9], [45, 21], [46, 10], [47, 32], [48, 23], [49, 1], [50, 29], [51, 22]];

%Parâmetros correspondentes ao K que retornou solução
Ks_solution =[1, 2, 1, 1, 1, 2, 1, 1, 2, 1, 1, 1, 2, 2, 2, 2, 2, 2, 2, 2, 2, 2, 2, 2, 2, 2, 2, 2, 2, 2, 2, 2, 2, 2, 2, 2, 2, 2, 2, 2, 2, 2, 2, 2, 2, 2, 2];
Operacoes =[20, 7, 14, 24, 72, 11, 77, 12, 14, 56, 30, 128, 54, 38, 100, 21, 44, 46, 96, 200, 52, 135, 196, 145, 180, 124, 832, 264, 510, 245, 216, 111, 228, 468, 1280, 287, 168, 1419, 352, 405, 966, 470, 1536, 1127, 50, 1479, 1144];
Tempo =[0.0001680999994277954, 0.00015669999993406236, 0.00016399999731220305, 0.00015230001008603722, 0.00029320000612642616, 0.00016250000044237822, 0.00023859999782871455, 0.00018529999942984432, 0.00014659999578725547, 0.0002114000089932233, 0.0001795999996829778, 0.0007345999911194667, 0.0002989999920828268, 0.0002182000025641173, 0.00025660000392235816, 0.00017810000281315297, 0.000258400003076531, 0.00018309999722987413, 0.00023800000781193376, 0.00032249999640043825, 0.00018519999866839498, 0.00033070000063162297, 0.0004152000037720427, 0.00025490000552963465, 0.0003071999963140115, 0.0004090000002179295, 0.0015839999978197739, 0.0005039999959990382, 0.0006694999901810661, 0.00048750000132713467, 0.00043289999302942306, 0.00033260000054724514, 0.00040099999750964344, 0.0005929000035393983, 0.0018545999919297174, 0.0004827999946428463, 0.00035909999860450625, 0.001691099998424761, 0.0006052000098861754, 0.0005433999904198572, 0.001247499996679835, 0.0010685000015655532, 0.002091900008963421, 0.0015263000095728785, 0.00022230000467970967, 0.001647099998081103, 0.0014937000087229535];
N_Configurations =[4, 1, 2, 3, 8, 1, 7, 1, 1, 4, 2, 8, 3, 2, 5, 1, 2, 2, 4, 8, 2, 5, 7, 5, 6, 4, 26, 8, 15, 7, 6, 3, 6, 12, 32, 7, 4, 33, 8, 9, 21, 10, 32, 23, 1, 29, 22];
Solutions =[{2}, {1, 2}, {2}, {2}, {2}, {8, 6}, {7}, {2}, {10, 5}, {2}, {2}, {2}, {9, 15}, {16, 6}, {10, 14}, {9, 14}, {16, 6}, {18, 4}, {14, 15}, {0, 16}, {16, 19}, {24, 15}, {16, 13}, {9, 5}, {10, 19}, {16, 13}, {28, 14}, {9, 3}, {0, 27}, {24, 32}, {26, 28}, {33, 29}, {3, 15}, {36, 29}, {32, 19}, {32, 6}, {28, 37}, {16, 0}, {28, 31}, {24, 5}, {29, 6}, {16, 30}, {9, 30}, {8, 9}, {28, 30}, {6, 47}, {32, 19}];
Check_if_correct =[1, 1, 1, 1, 1, 1, 1, 1, 1, 1, 1, 1, 1, 1, 1, 1, 1, 1, 1, 1, 1, 1, 1, 1, 1, 1, 1, 1, 1, 1, 1, 1, 1, 1, 1, 1, 1, 1, 1, 1, 1, 1, 1, 1, 1, 1, 1];

%Parâmetros para gráficos
Total_operacoes =[20, 37, 14, 24, 72, 101, 77, 12, 170, 56, 30, 128, 326, 344, 442, 401, 464, 508, 602, 752, 652, 785, 898, 901, 992, 994, 1762, 1256, 1566, 1367, 1406, 1371, 1560, 1874, 2762, 1847, 1808, 3141, 2158, 2297, 2946, 2540, 3698, 3383, 2402, 3929, 3694];
Total_configurations =[4, 7, 2, 3, 8, 11, 7, 1, 14, 4, 2, 8, 20, 20, 24, 21, 23, 24, 27, 32, 27, 31, 34, 33, 35, 34, 57, 40, 48, 41, 41, 39, 43, 50, 71, 47, 45, 75, 51, 53, 66, 56, 79, 71, 50, 79, 73];
Total_time =[0.0001680999994277954, 0.0003583000070648268, 0.00016399999731220305, 0.00015230001008603722, 0.00029320000612642616, 0.0004082999948877841, 0.00023859999782871455, 0.00018529999942984432, 0.0004878000036114827, 0.0002114000089932233, 0.0001795999996829778, 0.0007345999911194667, 0.0007208999886643142, 0.0008071000047493726, 0.0007656999950995669, 0.0006641000072704628, 0.000760199996875599, 0.00072669998917263, 0.000840700013213791, 0.0010132999886991456, 0.0007809999951859936, 0.001088100005290471, 0.0013266000023577362, 0.001140100008342415, 0.001101600006222725, 0.0014381000073626637, 0.0028043000056641176, 0.002127399988239631, 0.00184679999074433, 0.002118799995514564, 0.001986999996006489, 0.0017647999920882285, 0.0017118999967351556, 0.0022102999937487766, 0.0033371999888913706, 0.0019955999887315556, 0.0026854000025196, 0.003509599991957657, 0.002402300015091896, 0.0024259999918285757, 0.003517899996950291, 0.0033097000123234466, 0.004698900011135265, 0.0044830000115325674, 0.003496300007100217, 0.004399499986902811, 0.00430110000888817];
