_%_%_%_%_%_%_%_%_%_%_%_%_%_%_%_%_%_%_%_%_%_%_%_%_%_%_%_%_%_%_%_%_%_%_%_%_%_%_%_%_%_%_%_%_%
Explicação do cabeção
Ks -> Tamanho de conjunto dominante com menos operaçõe efetuadas
Operacoes -> Optimal number of operações
Tempo -> Tempo para encontrar o conjunto dominante com menos operações efetuadas
Solutions -> Conjunto dominante com menos operações efetuadas
Check_if_correct -> Verificar se é realmente um conjunto dominante, 1(V) 0(F) -1(se não foi encontrada solução)
Nota: Na divisão -> Parâmetros correspondentes ao K que retornou solução <- caso exista o valor 0 nas variaveis Ks_solutions, Operacoes, Tempo, N_configurations, Solutions quer dizer que não foi encontra nenhuma solução (0 é o valor default) 
_%_%_%_%_%_%_%_%_%_%_%_%_%_%_%_%_%_%_%_%_%_%_%_%_%_%_%_%_%_%_%_%_%_%_%_%_%_%_%_%_%_%_%_%_%


%Todos os parâmetros
P =0.125;
Size =[4, 5, 6, 7, 8, 9, 10, 11, 12, 13, 14, 15, 16, 17, 18, 19, 20, 21, 22, 23, 24, 25, 26, 27, 28, 29, 30, 31, 32, 33, 34, 35, 36, 37, 38, 39, 40, 41, 42, 43, 44, 45, 46, 47, 48, 49, 50];
Ks =[[2, 3, 1], [3, 4, 1, 2], [3, 4, 5], [4, 5], [4, 5], [5, 6], [5], [6], [6], [7], [7], [8], [8], [9], [9], [10], [10], [11], [11], [12], [12], [13], [13], [14], [14], [15], [15], [16], [16], [17], [17], [18], [18], [19], [19], [20], [20], [21], [21], [22], [22], [23], [23], [24], [24], [25], [25]];
Operacoes =[[36, 28, 20], [80, 45, 30, 70], [180, 150, 11], [385, 156], [840, 26], [1764, 180], [315], [748], [90], [180], [420], [759], [888], [208], [54], [87], [180], [32], [33], [35], [108], [114], [156], [41], [126], [308], [450], [235], [624], [850], [918], [53], [54], [336], [57], [118], [900], [62], [63], [650], [132], [408], [276], [142], [72], [222], [300]];
Tempos_tentados =[[0.0002693999995244667, 0.00020809999841731042, 0.0001779000012902543], [0.00024959999427665025, 0.00018950000230688602, 0.00016630000027362257, 0.00018790000467561185], [0.00026000000070780516, 0.00031400000443682075, 0.00015389999316539615], [0.0004425999941304326, 0.0003009999927598983], [0.0006760999967809767, 0.00018640000780578703], [0.0012989000097149983, 0.00029680000443477184], [0.0005150000069988891], [0.0007407999946735799], [0.00026699999580159783], [0.00029710000671911985], [0.0004830999969271943], [0.0010228000028291717], [0.0011212999961571768], [0.0003462000022409484], [0.00021179999748710543], [0.000302100001135841], [0.0004186000005574897], [0.00019449999672360718], [0.00020979999681003392], [0.00019330000213813037], [0.000265800001216121], [0.0006222999945748597], [0.00040360000275541097], [0.00026840000646188855], [0.00031380000291392207], [0.0005146000039530918], [0.0005496999947354198], [0.0005738000036217272], [0.0010354000114602968], [0.0010534000030020252], [0.0009303999977419153], [0.00019049999536946416], [0.00021460000425577164], [0.0005129999917699024], [0.0003073999978369102], [0.0002950999914901331], [0.001023200005874969], [0.0002460999967297539], [0.00021830000332556665], [0.0006864000024506822], [0.000259300009929575], [0.0006856999971205369], [0.0005207000067457557], [0.0002789999998640269], [0.00028639999800361693], [0.00033900000562425703], [0.00047810000251047313]];
N_Configurations =[[7, 5, 5], [11, 6, 6, 11], [21, 16, 1], [36, 13], [71, 2], [127, 12], [21], [44], [5], [9], [20], [33], [37], [8], [2], [3], [6], [1], [1], [1], [3], [3], [4], [1], [3], [7], [10], [5], [13], [17], [18], [1], [1], [6], [1], [2], [15], [1], [1], [10], [2], [6], [4], [2], [1], [3], [4]];

%Parâmetros correspondentes ao K que retornou solução
Ks_solution =[0, 0, 5, 5, 5, 6, 5, 6, 6, 7, 7, 8, 8, 9, 9, 10, 10, 11, 11, 12, 12, 13, 13, 14, 14, 15, 15, 16, 16, 17, 17, 18, 18, 19, 19, 20, 20, 21, 21, 22, 22, 23, 23, 24, 24, 25, 25];
Operacoes =[0, 0, 11, 156, 26, 180, 315, 748, 90, 180, 420, 759, 888, 208, 54, 87, 180, 32, 33, 35, 108, 114, 156, 41, 126, 308, 450, 235, 624, 850, 918, 53, 54, 336, 57, 118, 900, 62, 63, 650, 132, 408, 276, 142, 72, 222, 300];
Tempo =[0, 0, 0.00015389999316539615, 0.0003009999927598983, 0.00018640000780578703, 0.00029680000443477184, 0.0005150000069988891, 0.0007407999946735799, 0.00026699999580159783, 0.00029710000671911985, 0.0004830999969271943, 0.0010228000028291717, 0.0011212999961571768, 0.0003462000022409484, 0.00021179999748710543, 0.000302100001135841, 0.0004186000005574897, 0.00019449999672360718, 0.00020979999681003392, 0.00019330000213813037, 0.000265800001216121, 0.0006222999945748597, 0.00040360000275541097, 0.00026840000646188855, 0.00031380000291392207, 0.0005146000039530918, 0.0005496999947354198, 0.0005738000036217272, 0.0010354000114602968, 0.0010534000030020252, 0.0009303999977419153, 0.00019049999536946416, 0.00021460000425577164, 0.0005129999917699024, 0.0003073999978369102, 0.0002950999914901331, 0.001023200005874969, 0.0002460999967297539, 0.00021830000332556665, 0.0006864000024506822, 0.000259300009929575, 0.0006856999971205369, 0.0005207000067457557, 0.0002789999998640269, 0.00028639999800361693, 0.00033900000562425703, 0.00047810000251047313];
N_Configurations =[0, 0, 1, 13, 2, 12, 21, 44, 5, 9, 20, 33, 37, 8, 2, 3, 6, 1, 1, 1, 3, 3, 4, 1, 3, 7, 10, 5, 13, 17, 18, 1, 1, 6, 1, 2, 15, 1, 1, 10, 2, 6, 4, 2, 1, 3, 4];
Solutions =[0, 0, {0, 1, 2, 3, 4}, {1, 2, 3, 5, 6}, {0, 1, 2, 3, 4}, {1, 2, 3, 5, 6, 8}, {0, 3, 5, 8, 9}, {0, 1, 5, 7, 8, 9}, {0, 4, 7, 8, 9, 11}, {5, 6, 7, 8, 9, 10, 12}, {1, 2, 4, 6, 7, 8, 9}, {1, 4, 6, 7, 8, 9, 12, 14}, {1, 5, 6, 7, 8, 11, 14, 15}, {1, 2, 5, 7, 8, 9, 11, 12, 14}, {1, 2, 3, 5, 6, 7, 11, 16, 17}, {1, 3, 4, 8, 9, 10, 12, 14, 15, 17}, {2, 3, 6, 7, 8, 10, 13, 15, 16, 19}, {5, 6, 7, 9, 11, 12, 15, 16, 17, 18, 19}, {0, 2, 3, 5, 8, 10, 11, 14, 18, 20, 21}, {1, 3, 6, 9, 13, 16, 17, 18, 19, 20, 21, 22}, {0, 2, 5, 7, 8, 11, 13, 16, 18, 19, 21, 23}, {1, 4, 7, 11, 13, 14, 15, 17, 18, 20, 22, 23, 24}, {0, 3, 4, 5, 9, 10, 11, 17, 18, 20, 21, 22, 23}, {1, 2, 3, 4, 12, 13, 16, 17, 18, 20, 21, 24, 25, 26}, {3, 4, 6, 8, 9, 10, 11, 13, 14, 18, 20, 22, 26, 27}, {0, 1, 4, 6, 8, 10, 12, 13, 15, 16, 17, 18, 23, 25, 28}, {2, 4, 5, 6, 8, 9, 11, 12, 18, 19, 20, 22, 23, 25, 26}, {1, 2, 4, 5, 8, 11, 13, 16, 17, 19, 20, 21, 22, 24, 27, 29}, {1, 2, 5, 7, 8, 11, 13, 16, 17, 21, 22, 23, 25, 26, 29, 31}, {32, 2, 3, 5, 6, 10, 11, 13, 17, 18, 19, 25, 26, 27, 28, 29, 31}, {33, 2, 3, 7, 8, 10, 11, 12, 13, 14, 16, 18, 19, 23, 26, 27, 31}, {0, 33, 2, 34, 4, 5, 1, 7, 32, 9, 13, 15, 22, 23, 24, 26, 30, 31}, {32, 34, 3, 5, 6, 7, 8, 10, 11, 12, 15, 16, 21, 23, 26, 28, 29, 31}, {2, 5, 9, 10, 11, 12, 16, 17, 18, 19, 20, 23, 25, 26, 28, 31, 32, 33, 35}, {0, 3, 4, 5, 8, 9, 11, 12, 16, 18, 20, 21, 22, 23, 24, 25, 26, 30, 35}, {1, 4, 5, 8, 9, 10, 11, 12, 16, 18, 20, 21, 22, 26, 27, 30, 32, 33, 35, 37}, {1, 2, 3, 4, 6, 7, 8, 10, 15, 16, 17, 18, 19, 23, 28, 30, 34, 35, 36, 38}, {0, 5, 9, 13, 15, 16, 17, 19, 20, 21, 22, 24, 26, 27, 29, 33, 35, 36, 38, 39, 40}, {1, 5, 6, 8, 10, 11, 12, 13, 17, 18, 19, 21, 23, 24, 25, 26, 28, 36, 38, 40, 41}, {0, 1, 2, 6, 8, 9, 10, 12, 14, 18, 19, 20, 22, 23, 24, 25, 27, 30, 34, 35, 37, 40}, {0, 1, 3, 4, 5, 10, 13, 16, 17, 18, 20, 26, 27, 28, 31, 32, 36, 39, 40, 41, 42, 43}, {3, 4, 5, 8, 9, 13, 18, 22, 23, 24, 27, 28, 29, 31, 33, 34, 35, 36, 37, 38, 42, 43, 44}, {0, 5, 7, 10, 11, 14, 15, 18, 19, 22, 24, 26, 28, 29, 30, 32, 33, 36, 38, 39, 40, 43, 45}, {0, 2, 4, 6, 10, 11, 13, 17, 22, 23, 25, 26, 27, 31, 32, 33, 34, 37, 39, 40, 42, 43, 45, 46}, {2, 4, 5, 6, 7, 8, 9, 10, 12, 15, 19, 21, 23, 26, 29, 31, 32, 36, 38, 40, 41, 42, 43, 47}, {1, 3, 4, 5, 6, 9, 14, 18, 19, 24, 25, 26, 27, 29, 33, 34, 35, 37, 38, 39, 41, 44, 46, 47, 48}, {3, 4, 7, 9, 19, 22, 23, 25, 26, 28, 29, 30, 31, 33, 34, 35, 36, 37, 39, 40, 41, 42, 46, 47, 48}];
Check_if_correct =[-1, -1, 1, 1, 1, 1, 1, 1, 1, 1, 1, 1, 1, 1, 1, 1, 1, 1, 1, 1, 1, 1, 1, 1, 1, 1, 1, 1, 1, 1, 1, 1, 1, 1, 1, 1, 1, 1, 1, 1, 1, 1, 1, 1, 1, 1, 1];

%Parâmetros para gráficos
Total_operacoes =[84, 225, 341, 541, 866, 1944, 315, 748, 90, 180, 420, 759, 888, 208, 54, 87, 180, 32, 33, 35, 108, 114, 156, 41, 126, 308, 450, 235, 624, 850, 918, 53, 54, 336, 57, 118, 900, 62, 63, 650, 132, 408, 276, 142, 72, 222, 300];
Total_configurations =[17, 34, 38, 49, 73, 139, 21, 44, 5, 9, 20, 33, 37, 8, 2, 3, 6, 1, 1, 1, 3, 3, 4, 1, 3, 7, 10, 5, 13, 17, 18, 1, 1, 6, 1, 2, 15, 1, 1, 10, 2, 6, 4, 2, 1, 3, 4];
Total_time =[0.0006553999992320314, 0.0007933000015327707, 0.0007278999983100221, 0.0007435999868903309, 0.0008625000045867637, 0.0015957000141497701, 0.0005150000069988891, 0.0007407999946735799, 0.00026699999580159783, 0.00029710000671911985, 0.0004830999969271943, 0.0010228000028291717, 0.0011212999961571768, 0.0003462000022409484, 0.00021179999748710543, 0.000302100001135841, 0.0004186000005574897, 0.00019449999672360718, 0.00020979999681003392, 0.00019330000213813037, 0.000265800001216121, 0.0006222999945748597, 0.00040360000275541097, 0.00026840000646188855, 0.00031380000291392207, 0.0005146000039530918, 0.0005496999947354198, 0.0005738000036217272, 0.0010354000114602968, 0.0010534000030020252, 0.0009303999977419153, 0.00019049999536946416, 0.00021460000425577164, 0.0005129999917699024, 0.0003073999978369102, 0.0002950999914901331, 0.001023200005874969, 0.0002460999967297539, 0.00021830000332556665, 0.0006864000024506822, 0.000259300009929575, 0.0006856999971205369, 0.0005207000067457557, 0.0002789999998640269, 0.00028639999800361693, 0.00033900000562425703, 0.00047810000251047313];


%Todos os parâmetros
P =0.25;
Size =[4, 5, 6, 7, 8, 9, 10, 11, 12, 13, 14, 15, 16, 17, 18, 19, 20, 21, 22, 23, 24, 25, 26, 27, 28, 29, 30, 31, 32, 33, 34, 35, 36, 37, 38, 39, 40, 41, 42, 43, 44, 45, 46, 47, 48, 49, 50];
Ks =[[2, 3, 1], [3, 4], [3, 4], [4], [4], [5], [5], [6], [6], [7], [7], [8], [8], [9], [9], [10], [10], [11], [11], [12], [12], [13], [13], [14], [14], [15], [15], [16], [16], [17], [17], [18], [18], [19], [19], [20], [20], [21], [21], [22], [22], [23], [23], [24], [24], [25], [25]];
Operacoes =[[36, 28, 20], [80, 9], [180, 10], [44], [36], [28], [30], [17], [144], [60], [21], [23], [24], [104], [27], [58], [30], [64], [66], [35], [72], [38], [39], [82], [42], [88], [45], [47], [96], [50], [51], [53], [54], [56], [57], [59], [60], [62], [63], [65], [66], [68], [69], [71], [72], [74], [75]];
Tempos_tentados =[[0.00019890000112354755, 0.0001897000038297847, 0.00016090000281110406], [0.00020619999850168824, 0.00016679998952895403], [0.0002851000026566908, 0.00017970000044442713], [0.0002209999947808683], [0.00019890000112354755], [0.0001762000028975308], [0.0001649999903747812], [0.00016229999891947955], [0.0002936999953817576], [0.0002525000018067658], [0.00024380000832024962], [0.00019810000958386809], [0.0001829999964684248], [0.00029320000612642616], [0.0002584999892860651], [0.00026950000028591603], [0.0002086000022245571], [0.00019530000281520188], [0.00021889999334234744], [0.0001694999955361709], [0.00023089999740477651], [0.00020470000163186342], [0.00025460000324528664], [0.000218700006371364], [0.0001714000100037083], [0.00021830000332556665], [0.00019920000340789557], [0.00019829999655485153], [0.0003043000033358112], [0.00018319999799132347], [0.00018489999638404697], [0.0001875000016298145], [0.0002406999992672354], [0.00023049999435897917], [0.0002666999935172498], [0.00020799999765586108], [0.00019099999917671084], [0.00023119999968912452], [0.00022770000214222819], [0.00024619999749120325], [0.00020559999393299222], [0.00019099999917671084], [0.0001841999910539016], [0.00019400000746827573], [0.00024899998970795423], [0.0002614000113680959], [0.0003112999984296039]];
N_Configurations =[[7, 5, 5], [11, 1], [21, 1], [4], [3], [2], [2], [1], [8], [3], [1], [1], [1], [4], [1], [2], [1], [2], [2], [1], [2], [1], [1], [2], [1], [2], [1], [1], [2], [1], [1], [1], [1], [1], [1], [1], [1], [1], [1], [1], [1], [1], [1], [1], [1], [1], [1]];

%Parâmetros correspondentes ao K que retornou solução
Ks_solution =[0, 4, 4, 4, 4, 5, 5, 6, 6, 7, 7, 8, 8, 9, 9, 10, 10, 11, 11, 12, 12, 13, 13, 14, 14, 15, 15, 16, 16, 17, 17, 18, 18, 19, 19, 20, 20, 21, 21, 22, 22, 23, 23, 24, 24, 25, 25];
Operacoes =[0, 9, 10, 44, 36, 28, 30, 17, 144, 60, 21, 23, 24, 104, 27, 58, 30, 64, 66, 35, 72, 38, 39, 82, 42, 88, 45, 47, 96, 50, 51, 53, 54, 56, 57, 59, 60, 62, 63, 65, 66, 68, 69, 71, 72, 74, 75];
Tempo =[0, 0.00016679998952895403, 0.00017970000044442713, 0.0002209999947808683, 0.00019890000112354755, 0.0001762000028975308, 0.0001649999903747812, 0.00016229999891947955, 0.0002936999953817576, 0.0002525000018067658, 0.00024380000832024962, 0.00019810000958386809, 0.0001829999964684248, 0.00029320000612642616, 0.0002584999892860651, 0.00026950000028591603, 0.0002086000022245571, 0.00019530000281520188, 0.00021889999334234744, 0.0001694999955361709, 0.00023089999740477651, 0.00020470000163186342, 0.00025460000324528664, 0.000218700006371364, 0.0001714000100037083, 0.00021830000332556665, 0.00019920000340789557, 0.00019829999655485153, 0.0003043000033358112, 0.00018319999799132347, 0.00018489999638404697, 0.0001875000016298145, 0.0002406999992672354, 0.00023049999435897917, 0.0002666999935172498, 0.00020799999765586108, 0.00019099999917671084, 0.00023119999968912452, 0.00022770000214222819, 0.00024619999749120325, 0.00020559999393299222, 0.00019099999917671084, 0.0001841999910539016, 0.00019400000746827573, 0.00024899998970795423, 0.0002614000113680959, 0.0003112999984296039];
N_Configurations =[0, 1, 1, 4, 3, 2, 2, 1, 8, 3, 1, 1, 1, 4, 1, 2, 1, 2, 2, 1, 2, 1, 1, 2, 1, 2, 1, 1, 2, 1, 1, 1, 1, 1, 1, 1, 1, 1, 1, 1, 1, 1, 1, 1, 1, 1, 1];
Solutions =[0, {0, 2, 3, 4}, {1, 2, 3, 4}, {2, 4, 5, 6}, {3, 4, 5, 6}, {4, 5, 6, 7, 8}, {1, 2, 4, 7, 9}, {0, 2, 5, 6, 8, 10}, {2, 5, 6, 7, 10, 11}, {1, 2, 5, 6, 8, 10, 11}, {1, 3, 4, 6, 8, 10, 13}, {0, 4, 5, 7, 8, 9, 11, 14}, {2, 3, 4, 8, 9, 11, 14, 15}, {4, 7, 9, 10, 11, 13, 14, 15, 16}, {3, 5, 6, 8, 9, 11, 12, 13, 16}, {1, 2, 3, 5, 10, 11, 12, 13, 15, 17}, {0, 1, 2, 3, 4, 7, 9, 12, 14, 16}, {1, 2, 3, 7, 9, 10, 12, 13, 15, 16, 20}, {1, 3, 4, 6, 7, 9, 12, 13, 14, 16, 20}, {3, 4, 5, 6, 7, 11, 12, 13, 16, 18, 21, 22}, {2, 5, 6, 9, 11, 12, 13, 17, 19, 20, 21, 22}, {0, 4, 7, 9, 10, 12, 13, 14, 17, 18, 21, 23, 24}, {1, 2, 3, 4, 6, 11, 12, 16, 18, 20, 22, 23, 24}, {0, 2, 3, 4, 5, 9, 13, 14, 15, 16, 19, 21, 22, 25}, {0, 1, 2, 3, 4, 5, 9, 11, 13, 16, 17, 19, 23, 24}, {4, 6, 7, 8, 9, 10, 13, 14, 15, 17, 19, 25, 26, 27, 28}, {0, 1, 3, 4, 6, 7, 10, 13, 14, 15, 17, 19, 24, 26, 27}, {3, 5, 6, 9, 10, 11, 12, 13, 15, 16, 17, 23, 26, 27, 29, 30}, {0, 1, 4, 6, 7, 8, 15, 17, 19, 20, 24, 25, 26, 27, 28, 30}, {0, 1, 2, 3, 32, 5, 7, 10, 12, 14, 16, 19, 20, 25, 27, 29, 31}, {0, 2, 6, 9, 11, 13, 14, 16, 17, 18, 20, 21, 24, 25, 27, 29, 31}, {0, 33, 32, 4, 7, 9, 11, 13, 15, 16, 18, 19, 20, 22, 23, 24, 28, 30}, {0, 32, 34, 35, 3, 4, 6, 10, 11, 16, 20, 21, 23, 26, 27, 29, 30, 31}, {1, 2, 3, 4, 5, 7, 8, 10, 11, 14, 17, 23, 24, 25, 27, 30, 33, 34, 35}, {2, 4, 5, 7, 9, 10, 11, 12, 19, 21, 23, 24, 25, 26, 27, 30, 31, 33, 36}, {0, 1, 5, 7, 13, 14, 16, 18, 19, 20, 22, 23, 25, 26, 29, 31, 33, 35, 36, 37}, {1, 2, 3, 4, 6, 8, 10, 14, 15, 16, 22, 25, 26, 27, 28, 31, 32, 33, 37, 39}, {0, 3, 4, 5, 7, 8, 9, 10, 17, 19, 21, 22, 23, 24, 25, 28, 32, 34, 37, 39, 40}, {0, 3, 7, 11, 12, 13, 15, 16, 17, 21, 22, 23, 24, 27, 31, 32, 33, 34, 36, 37, 41}, {0, 1, 2, 6, 7, 11, 12, 13, 14, 15, 20, 21, 23, 24, 26, 30, 31, 33, 36, 37, 38, 41}, {0, 3, 4, 5, 10, 11, 12, 13, 15, 17, 18, 21, 22, 23, 24, 28, 29, 31, 33, 36, 37, 39}, {1, 2, 9, 11, 12, 14, 16, 17, 19, 21, 22, 24, 27, 28, 30, 34, 35, 36, 37, 38, 40, 42, 44}, {0, 1, 2, 3, 4, 6, 8, 13, 15, 16, 18, 19, 22, 27, 30, 32, 35, 39, 40, 41, 42, 44, 45}, {0, 2, 4, 6, 8, 9, 10, 12, 13, 14, 15, 16, 17, 21, 22, 23, 25, 28, 31, 32, 35, 39, 44, 46}, {1, 2, 3, 5, 7, 13, 14, 15, 16, 17, 18, 19, 21, 24, 27, 30, 32, 34, 35, 36, 37, 39, 42, 46}, {0, 1, 2, 3, 4, 8, 10, 12, 13, 14, 18, 19, 22, 24, 25, 29, 30, 32, 33, 41, 43, 44, 46, 47, 48}, {1, 2, 3, 6, 9, 10, 13, 14, 15, 26, 28, 29, 31, 32, 33, 35, 36, 38, 39, 42, 43, 44, 46, 47, 49}];
Check_if_correct =[-1, 1, 1, 1, 1, 1, 1, 1, 1, 1, 1, 1, 1, 1, 1, 1, 1, 1, 1, 1, 1, 1, 1, 1, 1, 1, 1, 1, 1, 1, 1, 1, 1, 1, 1, 1, 1, 1, 1, 1, 1, 1, 1, 1, 1, 1, 1];

%Parâmetros para gráficos
Total_operacoes =[84, 89, 190, 44, 36, 28, 30, 17, 144, 60, 21, 23, 24, 104, 27, 58, 30, 64, 66, 35, 72, 38, 39, 82, 42, 88, 45, 47, 96, 50, 51, 53, 54, 56, 57, 59, 60, 62, 63, 65, 66, 68, 69, 71, 72, 74, 75];
Total_configurations =[17, 12, 22, 4, 3, 2, 2, 1, 8, 3, 1, 1, 1, 4, 1, 2, 1, 2, 2, 1, 2, 1, 1, 2, 1, 2, 1, 1, 2, 1, 1, 1, 1, 1, 1, 1, 1, 1, 1, 1, 1, 1, 1, 1, 1, 1, 1];
Total_time =[0.0005495000077644363, 0.00037299998803064227, 0.0004648000031011179, 0.0002209999947808683, 0.00019890000112354755, 0.0001762000028975308, 0.0001649999903747812, 0.00016229999891947955, 0.0002936999953817576, 0.0002525000018067658, 0.00024380000832024962, 0.00019810000958386809, 0.0001829999964684248, 0.00029320000612642616, 0.0002584999892860651, 0.00026950000028591603, 0.0002086000022245571, 0.00019530000281520188, 0.00021889999334234744, 0.0001694999955361709, 0.00023089999740477651, 0.00020470000163186342, 0.00025460000324528664, 0.000218700006371364, 0.0001714000100037083, 0.00021830000332556665, 0.00019920000340789557, 0.00019829999655485153, 0.0003043000033358112, 0.00018319999799132347, 0.00018489999638404697, 0.0001875000016298145, 0.0002406999992672354, 0.00023049999435897917, 0.0002666999935172498, 0.00020799999765586108, 0.00019099999917671084, 0.00023119999968912452, 0.00022770000214222819, 0.00024619999749120325, 0.00020559999393299222, 0.00019099999917671084, 0.0001841999910539016, 0.00019400000746827573, 0.00024899998970795423, 0.0002614000113680959, 0.0003112999984296039];


%Todos os parâmetros
P =0.5;
Size =[4, 5, 6, 7, 8, 9, 10, 11, 12, 13, 14, 15, 16, 17, 18, 19, 20, 21, 22, 23, 24, 25, 26, 27, 28, 29, 30, 31, 32, 33, 34, 35, 36, 37, 38, 39, 40, 41, 42, 43, 44, 45, 46, 47, 48, 49, 50];
Ks =[[2], [3], [3], [4], [4], [5], [5], [6], [6], [7], [7], [8], [8], [9], [9], [10], [10], [11], [11], [12], [12], [13], [13], [14], [14], [15], [15], [16], [16], [17], [17], [18], [18], [19], [19], [20], [20], [21], [21], [22], [22], [23], [23], [24], [24], [25], [25]];
Operacoes =[[6], [8], [18], [11], [12], [14], [45], [17], [18], [20], [42], [23], [24], [26], [54], [29], [30], [32], [33], [35], [36], [38], [39], [41], [42], [44], [45], [47], [48], [50], [51], [53], [54], [56], [57], [59], [60], [62], [63], [65], [66], [68], [69], [71], [72], [74], [75]];
Tempos_tentados =[[0.00025409999943803996], [0.00020130000484641641], [0.00020379999477881938], [0.0002455999929225072], [0.0002423999976599589], [0.0002516999957151711], [0.0002793000021483749], [0.00022519999765791], [0.0002275000006193295], [0.00016760001017246395], [0.00021669999114237726], [0.0001897000038297847], [0.00015610000991728157], [0.00018400000408291817], [0.00019210000755265355], [0.00019190000602975488], [0.00025100000493694097], [0.00023320000036619604], [0.00023130000045057386], [0.0002268999960506335], [0.00023520000104326755], [0.00024120000307448208], [0.0003799999976763502], [0.00023459999647457153], [0.00019070001144427806], [0.00019550000433810055], [0.0002052999916486442], [0.00022699999681208283], [0.00021359999664127827], [0.00019379999139346182], [0.00019550000433810055], [0.00018749998707789928], [0.00023450001026503742], [0.0002410000015515834], [0.00019820001034531742], [0.00020730000687763095], [0.00020740000763908029], [0.0002342000079806894], [0.00026529999740887433], [0.00020510000467766076], [0.0002035000070463866], [0.00021909999486524612], [0.00022620000527240336], [0.00022009998792782426], [0.00019959999190177768], [0.0002260999899590388], [0.00021810000180266798]];
N_Configurations =[[1], [1], [2], [1], [1], [1], [3], [1], [1], [1], [2], [1], [1], [1], [2], [1], [1], [1], [1], [1], [1], [1], [1], [1], [1], [1], [1], [1], [1], [1], [1], [1], [1], [1], [1], [1], [1], [1], [1], [1], [1], [1], [1], [1], [1], [1], [1]];

%Parâmetros correspondentes ao K que retornou solução
Ks_solution =[2, 3, 3, 4, 4, 5, 5, 6, 6, 7, 7, 8, 8, 9, 9, 10, 10, 11, 11, 12, 12, 13, 13, 14, 14, 15, 15, 16, 16, 17, 17, 18, 18, 19, 19, 20, 20, 21, 21, 22, 22, 23, 23, 24, 24, 25, 25];
Operacoes =[6, 8, 18, 11, 12, 14, 45, 17, 18, 20, 42, 23, 24, 26, 54, 29, 30, 32, 33, 35, 36, 38, 39, 41, 42, 44, 45, 47, 48, 50, 51, 53, 54, 56, 57, 59, 60, 62, 63, 65, 66, 68, 69, 71, 72, 74, 75];
Tempo =[0.00025409999943803996, 0.00020130000484641641, 0.00020379999477881938, 0.0002455999929225072, 0.0002423999976599589, 0.0002516999957151711, 0.0002793000021483749, 0.00022519999765791, 0.0002275000006193295, 0.00016760001017246395, 0.00021669999114237726, 0.0001897000038297847, 0.00015610000991728157, 0.00018400000408291817, 0.00019210000755265355, 0.00019190000602975488, 0.00025100000493694097, 0.00023320000036619604, 0.00023130000045057386, 0.0002268999960506335, 0.00023520000104326755, 0.00024120000307448208, 0.0003799999976763502, 0.00023459999647457153, 0.00019070001144427806, 0.00019550000433810055, 0.0002052999916486442, 0.00022699999681208283, 0.00021359999664127827, 0.00019379999139346182, 0.00019550000433810055, 0.00018749998707789928, 0.00023450001026503742, 0.0002410000015515834, 0.00019820001034531742, 0.00020730000687763095, 0.00020740000763908029, 0.0002342000079806894, 0.00026529999740887433, 0.00020510000467766076, 0.0002035000070463866, 0.00021909999486524612, 0.00022620000527240336, 0.00022009998792782426, 0.00019959999190177768, 0.0002260999899590388, 0.00021810000180266798];
N_Configurations =[1, 1, 2, 1, 1, 1, 3, 1, 1, 1, 2, 1, 1, 1, 2, 1, 1, 1, 1, 1, 1, 1, 1, 1, 1, 1, 1, 1, 1, 1, 1, 1, 1, 1, 1, 1, 1, 1, 1, 1, 1, 1, 1, 1, 1, 1, 1];
Solutions =[{2, 3}, {2, 3, 4}, {0, 1, 2}, {0, 1, 5, 6}, {1, 2, 3, 7}, {1, 2, 3, 4, 5}, {1, 3, 5, 8, 9}, {1, 2, 4, 6, 9, 10}, {0, 1, 2, 5, 6, 7}, {1, 3, 4, 7, 8, 10, 11}, {0, 2, 3, 6, 7, 8, 10}, {1, 4, 5, 6, 10, 12, 13, 14}, {0, 1, 4, 6, 7, 13, 14, 15}, {0, 2, 4, 5, 8, 9, 11, 13, 14}, {0, 1, 2, 5, 6, 7, 10, 12, 14}, {3, 6, 7, 8, 9, 10, 12, 13, 14, 15}, {1, 3, 5, 6, 14, 15, 16, 17, 18, 19}, {0, 1, 3, 5, 9, 10, 11, 12, 14, 17, 19}, {0, 1, 2, 4, 8, 9, 13, 14, 17, 18, 21}, {3, 4, 8, 9, 10, 14, 16, 17, 18, 20, 21, 22}, {2, 6, 7, 10, 11, 13, 14, 15, 17, 18, 20, 21}, {2, 3, 5, 9, 10, 12, 13, 14, 16, 20, 21, 23, 24}, {0, 1, 2, 7, 9, 14, 16, 17, 19, 21, 22, 24, 25}, {0, 2, 3, 6, 10, 11, 13, 15, 17, 20, 22, 23, 24, 25}, {0, 3, 4, 8, 9, 11, 14, 15, 17, 19, 21, 24, 25, 27}, {3, 5, 9, 11, 13, 17, 18, 19, 20, 22, 24, 25, 26, 27, 28}, {1, 2, 3, 4, 5, 10, 12, 14, 17, 19, 22, 24, 25, 28, 29}, {0, 1, 2, 4, 6, 7, 8, 9, 10, 13, 15, 19, 20, 23, 28, 29}, {0, 1, 2, 6, 11, 13, 15, 17, 18, 20, 23, 26, 27, 28, 29, 31}, {32, 0, 4, 6, 8, 9, 13, 18, 19, 20, 21, 23, 27, 28, 29, 30, 31}, {33, 2, 4, 7, 9, 11, 12, 13, 14, 16, 18, 22, 25, 27, 29, 30, 31}, {32, 1, 34, 5, 7, 8, 9, 13, 18, 19, 21, 22, 23, 24, 27, 29, 30, 31}, {32, 1, 33, 35, 4, 5, 3, 7, 6, 12, 13, 14, 15, 18, 25, 27, 29, 31}, {0, 1, 2, 3, 4, 6, 8, 10, 12, 16, 18, 19, 21, 22, 28, 29, 30, 31, 36}, {0, 1, 3, 4, 9, 13, 15, 16, 21, 22, 23, 24, 25, 26, 27, 28, 30, 32, 33}, {2, 3, 4, 5, 8, 10, 12, 13, 15, 16, 17, 19, 23, 25, 29, 30, 33, 34, 36, 38}, {1, 2, 4, 5, 10, 12, 15, 17, 21, 22, 23, 25, 26, 27, 31, 33, 35, 36, 37, 38}, {1, 2, 4, 9, 10, 12, 13, 14, 16, 17, 18, 20, 21, 23, 30, 31, 33, 34, 36, 37, 39}, {0, 1, 2, 3, 5, 8, 9, 12, 14, 15, 17, 20, 21, 25, 26, 28, 30, 34, 35, 39, 41}, {0, 1, 2, 3, 9, 11, 12, 14, 18, 21, 24, 25, 28, 29, 31, 33, 34, 36, 37, 40, 41, 42}, {0, 4, 5, 6, 11, 13, 15, 21, 22, 23, 25, 26, 29, 31, 32, 33, 34, 37, 38, 39, 40, 42}, {0, 1, 2, 4, 5, 6, 8, 13, 14, 17, 19, 22, 26, 27, 28, 29, 31, 32, 35, 36, 38, 39, 43}, {0, 2, 4, 5, 8, 10, 12, 13, 14, 18, 21, 22, 25, 26, 27, 28, 31, 32, 34, 38, 39, 41, 44}, {3, 4, 7, 8, 9, 10, 13, 15, 16, 23, 24, 25, 26, 27, 29, 30, 31, 34, 35, 36, 37, 43, 44, 46}, {0, 5, 9, 11, 12, 13, 17, 18, 20, 21, 22, 24, 26, 30, 32, 33, 34, 35, 38, 41, 42, 43, 45, 47}, {1, 3, 4, 5, 7, 8, 9, 17, 18, 19, 20, 22, 23, 24, 26, 27, 28, 33, 34, 37, 38, 42, 43, 46, 48}, {4, 7, 9, 14, 16, 17, 18, 19, 20, 22, 23, 24, 26, 27, 28, 29, 35, 37, 39, 40, 41, 42, 44, 46, 47}];
Check_if_correct =[1, 1, 1, 1, 1, 1, 1, 1, 1, 1, 1, 1, 1, 1, 1, 1, 1, 1, 1, 1, 1, 1, 1, 1, 1, 1, 1, 1, 1, 1, 1, 1, 1, 1, 1, 1, 1, 1, 1, 1, 1, 1, 1, 1, 1, 1, 1];

%Parâmetros para gráficos
Total_operacoes =[6, 8, 18, 11, 12, 14, 45, 17, 18, 20, 42, 23, 24, 26, 54, 29, 30, 32, 33, 35, 36, 38, 39, 41, 42, 44, 45, 47, 48, 50, 51, 53, 54, 56, 57, 59, 60, 62, 63, 65, 66, 68, 69, 71, 72, 74, 75];
Total_configurations =[1, 1, 2, 1, 1, 1, 3, 1, 1, 1, 2, 1, 1, 1, 2, 1, 1, 1, 1, 1, 1, 1, 1, 1, 1, 1, 1, 1, 1, 1, 1, 1, 1, 1, 1, 1, 1, 1, 1, 1, 1, 1, 1, 1, 1, 1, 1];
Total_time =[0.00025409999943803996, 0.00020130000484641641, 0.00020379999477881938, 0.0002455999929225072, 0.0002423999976599589, 0.0002516999957151711, 0.0002793000021483749, 0.00022519999765791, 0.0002275000006193295, 0.00016760001017246395, 0.00021669999114237726, 0.0001897000038297847, 0.00015610000991728157, 0.00018400000408291817, 0.00019210000755265355, 0.00019190000602975488, 0.00025100000493694097, 0.00023320000036619604, 0.00023130000045057386, 0.0002268999960506335, 0.00023520000104326755, 0.00024120000307448208, 0.0003799999976763502, 0.00023459999647457153, 0.00019070001144427806, 0.00019550000433810055, 0.0002052999916486442, 0.00022699999681208283, 0.00021359999664127827, 0.00019379999139346182, 0.00019550000433810055, 0.00018749998707789928, 0.00023450001026503742, 0.0002410000015515834, 0.00019820001034531742, 0.00020730000687763095, 0.00020740000763908029, 0.0002342000079806894, 0.00026529999740887433, 0.00020510000467766076, 0.0002035000070463866, 0.00021909999486524612, 0.00022620000527240336, 0.00022009998792782426, 0.00019959999190177768, 0.0002260999899590388, 0.00021810000180266798];


%Todos os parâmetros
P =0.75;
Size =[4, 5, 6, 7, 8, 9, 10, 11, 12, 13, 14, 15, 16, 17, 18, 19, 20, 21, 22, 23, 24, 25, 26, 27, 28, 29, 30, 31, 32, 33, 34, 35, 36, 37, 38, 39, 40, 41, 42, 43, 44, 45, 46, 47, 48, 49, 50];
Ks =[[2], [3], [3], [4], [4], [5], [5], [6], [6], [7], [7], [8], [8], [9], [9], [10], [10], [11], [11], [12], [12], [13], [13], [14], [14], [15], [15], [16], [16], [17], [17], [18], [18], [19], [19], [20], [20], [21], [21], [22], [22], [23], [23], [24], [24], [25], [25]];
Operacoes =[[6], [8], [9], [11], [12], [14], [15], [17], [18], [20], [21], [23], [24], [26], [27], [29], [30], [32], [33], [35], [36], [38], [39], [41], [42], [44], [45], [47], [48], [50], [51], [53], [54], [56], [57], [59], [60], [62], [63], [65], [66], [68], [69], [71], [72], [74], [75]];
Tempos_tentados =[[0.00017090000619646162], [0.000149200001033023], [0.00015020000864751637], [0.00014689999807160348], [0.00019299999985378236], [0.0001782000035746023], [0.00017780000052880496], [0.00018230000569019467], [0.00015609999536536634], [0.00019210000755265355], [0.00018620000628288835], [0.00023790000705048442], [0.00023049999435897917], [0.00017150001076515764], [0.00017050000315066427], [0.00019890000112354755], [0.00019600000814534724], [0.00024280000070575625], [0.00024980001035146415], [0.00018069999350700527], [0.00019199999223928899], [0.00019489999976940453], [0.00022089999401941895], [0.0002043999993475154], [0.0001959000073838979], [0.00018139999883715063], [0.00019350000366102904], [0.00024870000197552145], [0.00028530000417958945], [0.00019780000729952008], [0.00019400000746827573], [0.0002351000002818182], [0.00020680000307038426], [0.0002057999954558909], [0.0002508000034140423], [0.0003158000035909936], [0.00027820000832434744], [0.00037760000850539654], [0.0003178000042680651], [0.00033429999893996865], [0.0003239999932702631], [0.0002474999928381294], [0.00023549998877570033], [0.0002452999906381592], [0.0003828999906545505], [0.00033399999665562063], [0.00024369999300688505]];
N_Configurations =[[1], [1], [1], [1], [1], [1], [1], [1], [1], [1], [1], [1], [1], [1], [1], [1], [1], [1], [1], [1], [1], [1], [1], [1], [1], [1], [1], [1], [1], [1], [1], [1], [1], [1], [1], [1], [1], [1], [1], [1], [1], [1], [1], [1], [1], [1], [1]];

%Parâmetros correspondentes ao K que retornou solução
Ks_solution =[2, 3, 3, 4, 4, 5, 5, 6, 6, 7, 7, 8, 8, 9, 9, 10, 10, 11, 11, 12, 12, 13, 13, 14, 14, 15, 15, 16, 16, 17, 17, 18, 18, 19, 19, 20, 20, 21, 21, 22, 22, 23, 23, 24, 24, 25, 25];
Operacoes =[6, 8, 9, 11, 12, 14, 15, 17, 18, 20, 21, 23, 24, 26, 27, 29, 30, 32, 33, 35, 36, 38, 39, 41, 42, 44, 45, 47, 48, 50, 51, 53, 54, 56, 57, 59, 60, 62, 63, 65, 66, 68, 69, 71, 72, 74, 75];
Tempo =[0.00017090000619646162, 0.000149200001033023, 0.00015020000864751637, 0.00014689999807160348, 0.00019299999985378236, 0.0001782000035746023, 0.00017780000052880496, 0.00018230000569019467, 0.00015609999536536634, 0.00019210000755265355, 0.00018620000628288835, 0.00023790000705048442, 0.00023049999435897917, 0.00017150001076515764, 0.00017050000315066427, 0.00019890000112354755, 0.00019600000814534724, 0.00024280000070575625, 0.00024980001035146415, 0.00018069999350700527, 0.00019199999223928899, 0.00019489999976940453, 0.00022089999401941895, 0.0002043999993475154, 0.0001959000073838979, 0.00018139999883715063, 0.00019350000366102904, 0.00024870000197552145, 0.00028530000417958945, 0.00019780000729952008, 0.00019400000746827573, 0.0002351000002818182, 0.00020680000307038426, 0.0002057999954558909, 0.0002508000034140423, 0.0003158000035909936, 0.00027820000832434744, 0.00037760000850539654, 0.0003178000042680651, 0.00033429999893996865, 0.0003239999932702631, 0.0002474999928381294, 0.00023549998877570033, 0.0002452999906381592, 0.0003828999906545505, 0.00033399999665562063, 0.00024369999300688505];
N_Configurations =[1, 1, 1, 1, 1, 1, 1, 1, 1, 1, 1, 1, 1, 1, 1, 1, 1, 1, 1, 1, 1, 1, 1, 1, 1, 1, 1, 1, 1, 1, 1, 1, 1, 1, 1, 1, 1, 1, 1, 1, 1, 1, 1, 1, 1, 1, 1];
Solutions =[{2, 3}, {1, 2, 3}, {2, 3, 4}, {0, 3, 4, 6}, {2, 3, 5, 6}, {2, 3, 4, 6, 7}, {0, 4, 6, 8, 9}, {0, 2, 5, 6, 8, 9}, {1, 3, 5, 6, 7, 8}, {0, 1, 2, 3, 7, 8, 9}, {0, 2, 3, 4, 7, 9, 11}, {0, 1, 4, 5, 7, 8, 11, 12}, {3, 4, 5, 6, 8, 9, 12, 14}, {0, 2, 3, 4, 7, 8, 9, 12, 15}, {1, 3, 4, 7, 9, 10, 11, 14, 15}, {0, 2, 3, 7, 8, 9, 13, 15, 17, 18}, {5, 7, 10, 12, 13, 14, 15, 16, 17, 18}, {2, 3, 4, 5, 8, 9, 11, 15, 16, 17, 20}, {0, 1, 2, 4, 6, 8, 14, 15, 18, 19, 20}, {0, 4, 6, 7, 8, 9, 12, 13, 15, 16, 17, 18}, {0, 1, 3, 5, 7, 8, 9, 12, 14, 16, 19, 21}, {0, 1, 3, 4, 9, 11, 13, 14, 15, 17, 20, 23, 24}, {2, 4, 6, 7, 10, 13, 15, 16, 17, 18, 20, 22, 23}, {4, 5, 7, 10, 11, 12, 14, 15, 16, 17, 18, 19, 24, 26}, {4, 5, 8, 13, 15, 16, 17, 18, 19, 21, 22, 23, 25, 27}, {1, 2, 3, 4, 5, 6, 9, 10, 12, 13, 15, 17, 21, 24, 27}, {0, 1, 4, 5, 6, 7, 9, 10, 12, 15, 16, 19, 20, 27, 28}, {5, 6, 7, 10, 11, 12, 13, 16, 17, 18, 20, 21, 25, 27, 28, 30}, {1, 2, 3, 5, 8, 10, 14, 16, 18, 19, 21, 22, 23, 24, 30, 31}, {32, 4, 5, 9, 10, 11, 12, 13, 14, 15, 17, 18, 26, 27, 28, 29, 31}, {0, 33, 32, 2, 4, 5, 6, 8, 14, 16, 17, 24, 26, 27, 28, 29, 30}, {32, 33, 0, 34, 3, 4, 7, 8, 10, 12, 14, 15, 16, 17, 21, 24, 28, 29}, {0, 1, 2, 35, 4, 5, 33, 6, 9, 10, 11, 14, 17, 18, 19, 22, 23, 29}, {2, 3, 4, 5, 6, 8, 10, 13, 15, 16, 18, 20, 21, 22, 23, 24, 29, 34, 36}, {7, 9, 15, 16, 17, 18, 20, 21, 22, 23, 24, 25, 26, 29, 31, 33, 34, 35, 37}, {0, 3, 4, 5, 6, 8, 10, 13, 15, 16, 22, 23, 25, 26, 27, 33, 34, 35, 37, 38}, {1, 3, 4, 5, 7, 9, 11, 12, 13, 18, 24, 25, 26, 27, 31, 32, 33, 34, 35, 38}, {0, 8, 9, 10, 12, 13, 14, 15, 16, 17, 23, 24, 25, 26, 29, 32, 33, 35, 36, 37, 40}, {0, 2, 6, 8, 11, 13, 15, 18, 21, 22, 24, 26, 27, 30, 31, 33, 35, 36, 38, 39, 41}, {2, 4, 6, 9, 10, 12, 14, 16, 19, 20, 21, 23, 25, 26, 27, 29, 34, 35, 37, 38, 40, 41}, {0, 1, 3, 4, 5, 8, 9, 12, 13, 14, 17, 19, 20, 24, 26, 28, 33, 34, 36, 38, 41, 42}, {0, 1, 7, 11, 12, 13, 14, 16, 18, 19, 23, 26, 29, 30, 32, 33, 34, 36, 37, 39, 41, 43, 44}, {3, 5, 7, 8, 9, 10, 12, 13, 14, 15, 16, 17, 20, 21, 24, 28, 29, 35, 36, 37, 39, 40, 45}, {0, 3, 5, 8, 11, 12, 14, 15, 16, 20, 22, 23, 24, 26, 28, 29, 31, 33, 37, 40, 41, 43, 44, 45}, {0, 1, 3, 4, 7, 9, 10, 11, 12, 13, 16, 19, 21, 22, 24, 25, 33, 35, 36, 39, 41, 43, 44, 47}, {0, 1, 2, 4, 6, 8, 9, 10, 11, 15, 18, 19, 20, 21, 23, 24, 25, 26, 29, 31, 37, 38, 40, 44, 45}, {3, 5, 8, 9, 10, 13, 14, 18, 20, 22, 28, 30, 31, 33, 34, 35, 36, 37, 40, 42, 43, 44, 45, 47, 49}];
Check_if_correct =[1, 1, 1, 1, 1, 1, 1, 1, 1, 1, 1, 1, 1, 1, 1, 1, 1, 1, 1, 1, 1, 1, 1, 1, 1, 1, 1, 1, 1, 1, 1, 1, 1, 1, 1, 1, 1, 1, 1, 1, 1, 1, 1, 1, 1, 1, 1];

%Parâmetros para gráficos
Total_operacoes =[6, 8, 9, 11, 12, 14, 15, 17, 18, 20, 21, 23, 24, 26, 27, 29, 30, 32, 33, 35, 36, 38, 39, 41, 42, 44, 45, 47, 48, 50, 51, 53, 54, 56, 57, 59, 60, 62, 63, 65, 66, 68, 69, 71, 72, 74, 75];
Total_configurations =[1, 1, 1, 1, 1, 1, 1, 1, 1, 1, 1, 1, 1, 1, 1, 1, 1, 1, 1, 1, 1, 1, 1, 1, 1, 1, 1, 1, 1, 1, 1, 1, 1, 1, 1, 1, 1, 1, 1, 1, 1, 1, 1, 1, 1, 1, 1];
Total_time =[0.00017090000619646162, 0.000149200001033023, 0.00015020000864751637, 0.00014689999807160348, 0.00019299999985378236, 0.0001782000035746023, 0.00017780000052880496, 0.00018230000569019467, 0.00015609999536536634, 0.00019210000755265355, 0.00018620000628288835, 0.00023790000705048442, 0.00023049999435897917, 0.00017150001076515764, 0.00017050000315066427, 0.00019890000112354755, 0.00019600000814534724, 0.00024280000070575625, 0.00024980001035146415, 0.00018069999350700527, 0.00019199999223928899, 0.00019489999976940453, 0.00022089999401941895, 0.0002043999993475154, 0.0001959000073838979, 0.00018139999883715063, 0.00019350000366102904, 0.00024870000197552145, 0.00028530000417958945, 0.00019780000729952008, 0.00019400000746827573, 0.0002351000002818182, 0.00020680000307038426, 0.0002057999954558909, 0.0002508000034140423, 0.0003158000035909936, 0.00027820000832434744, 0.00037760000850539654, 0.0003178000042680651, 0.00033429999893996865, 0.0003239999932702631, 0.0002474999928381294, 0.00023549998877570033, 0.0002452999906381592, 0.0003828999906545505, 0.00033399999665562063, 0.00024369999300688505];
