_%_%_%_%_%_%_%_%_%_%_%_%_%_%_%_%_%_%_%_%_%_%_%_%_%_%_%_%_%_%_%_%_%_%_%_%_%_%_%_%_%_%_%_%_%
Explicação do cabeção
Ks -> Tamanho de conjunto dominante com menos operaçõe efetuadass
Operacoes -> Optimal number of operações
Tempo -> Tempo para encontrar o conjunto dominante com menos operações efetuadas
Solutions -> Conjunto dominante com menos operações efetuadas
Check_if_correct -> Verificar se é realmente um conjunto dominante, 1(V) 0(F) -1(se não foi encontrada solução)
Nota: Na divisão -> Parâmetros correspondentes ao K que retornou solução <- caso exista o valor 0 nas variaveis Ks_solutions, Operacoes, Tempo, N_configurations, Solutions quer dizer que não foi encontra nenhuma solução (0 é o valor default) 
_%_%_%_%_%_%_%_%_%_%_%_%_%_%_%_%_%_%_%_%_%_%_%_%_%_%_%_%_%_%_%_%_%_%_%_%_%_%_%_%_%_%_%_%_%


%Todos os parâmetros
Size =[4, 5, 6, 7, 8, 9, 10, 11, 12, 13, 14, 15, 16, 17, 18, 19, 20, 21, 22, 23, 24, 25, 26, 27, 28, 29, 30, 31, 32, 33, 34, 35, 36, 37, 38, 39, 40, 41, 42, 43, 44, 45, 46, 47, 48, 49, 50, 51, 52, 53, 54, 55, 56, 57, 58, 59, 60]; P =0.125;
Ks_solution =[[1, 2, 3], [1, 2, 3, 4], [1, 2, 3, 4, 5], [1, 2, 3, 4, 5], [1, 2, 3, 4, 5], [1, 2, 3, 4, 5, 6], [1, 2, 3, 4, 5], [1, 2, 3, 4, 5], [1, 2, 3, 4, 5, 6], [1, 2, 3, 4, 5], [1, 2, 3, 4, 5], [1, 2, 3, 4, 5, 6], [1, 2, 3, 4, 5, 6], [1, 2, 3, 4, 5, 6, 7], [1, 2, 3, 4, 5, 6, 7], [1, 2, 3, 4, 5, 6], [1, 2, 3, 4, 5, 6, 7], [1, 2, 3, 4, 5, 6, 7], [1, 2, 3, 4, 5, 6, 7], [1, 2, 3, 4, 5, 6, 7], [1, 2, 3, 4, 5, 6, 7], [1, 2, 3, 4, 5, 6, 7, 8], [1, 2, 3, 4, 5, 6, 7], [1, 2, 3, 4, 5, 6, 7], [1, 2, 3, 4, 5, 6, 7], [1, 2, 3, 4, 5, 6, 7, 8], [1, 2, 3, 4, 5, 6, 7, 8], [1, 2, 3, 4, 5, 6, 7, 8], [1, 2, 3, 4, 5, 6, 7, 8, 9, 10], [1, 2, 3, 4, 5, 6, 7, 8, 9], [1, 2, 3, 4, 5, 6, 7, 8, 9, 10], [1, 2, 3, 4, 5, 6, 7, 8, 9, 10], [1, 2, 3, 4, 5, 6, 7, 8, 9], [1, 2, 3, 4, 5, 6, 7, 8, 9, 10], [1, 2, 3, 4, 5, 6, 7, 8, 9, 10], [1, 2, 3, 4, 5, 6, 7, 8, 9, 10], [1, 2, 3, 4, 5, 6, 7, 8, 9, 10], [1, 2, 3, 4, 5, 6, 7, 8, 9, 10], [1, 2, 3, 4, 5, 6, 7, 8, 9], [1, 2, 3, 4, 5, 6, 7, 8, 9, 10], [1, 2, 3, 4, 5, 6, 7, 8, 9, 10], [1, 2, 3, 4, 5, 6, 7, 8, 9], [1, 2, 3, 4, 5, 6, 7, 8, 9, 10], [1, 2, 3, 4, 5, 6, 7, 8, 9, 10], [1, 2, 3, 4, 5, 6, 7, 8, 9, 10], [1, 2, 3, 4, 5, 6, 7, 8, 9, 10], [1, 2, 3, 4, 5, 6, 7, 8, 9, 10, 11], [1, 2, 3, 4, 5, 6, 7, 8, 9, 10, 11], [1, 2, 3, 4, 5, 6, 7, 8, 9, 10, 11], [1, 2, 3, 4, 5, 6, 7, 8, 9, 10, 11], [1, 2, 3, 4, 5, 6, 7, 8, 9, 10], [1, 2, 3, 4, 5, 6, 7, 8, 9, 10, 11], [1, 2, 3, 4, 5, 6, 7, 8, 9, 10, 11], [1, 2, 3, 4, 5, 6, 7, 8, 9, 10, 11, 12], [1, 2, 3, 4, 5, 6, 7, 8, 9, 10, 11], [1, 2, 3, 4, 5, 6, 7, 8, 9, 10, 11, 12], [1, 2, 3, 4, 5, 6, 7, 8, 9, 10, 11, 12, 13]];
Operacoes =[[20, 36, 28], [30, 70, 80, 45], [42, 120, 180, 150, 11], [56, 189, 350, 385, 60], [72, 280, 616, 840, 52], [90, 396, 1008, 1638, 1764, 180], [110, 540, 1560, 2940, 120], [132, 715, 2310, 4950, 672], [156, 924, 3300, 7920, 13464, 1260], [182, 1170, 4576, 12155, 16938], [210, 1456, 6188, 18018, 3914], [240, 1785, 8190, 25935, 60060, 17640], [272, 2160, 10640, 36400, 91728, 8492], [306, 2584, 13600, 49980, 136136, 284648, 23352], [342, 3060, 17136, 67320, 197064, 445536, 15150], [380, 3591, 21318, 89148, 279072, 513175], [420, 4180, 26220, 116280, 387600, 1007760, 12420], [462, 4830, 31920, 149625, 529074, 1465128, 88816], [506, 5544, 38500, 190190, 711018, 2089164, 22185], [552, 6325, 46046, 239085, 942172, 2927463, 231060], [600, 7176, 54648, 297528, 1232616, 4037880, 574058], [650, 8100, 64400, 366850, 1593900, 5490100, 15382400, 13761], [702, 9100, 75400, 448500, 2039180, 7367360, 5090052], [756, 10179, 87750, 544050, 2583360, 9768330, 5267620], [812, 11340, 101556, 655200, 3243240, 12809160, 2414405], [870, 12586, 116928, 783783, 4037670, 16625700, 36000000, 512302], [930, 13920, 133980, 931770, 4987710, 21375900, 37000000, 3048854], [992, 15345, 152830, 1101275, 6116796, 27242397, 38000000, 2846961], [1056, 16864, 173600, 1294560, 7450912, 34435296, 39000000, 40000000, 41000000, 3242232], [1122, 18480, 196416, 1514040, 9018768, 39000000, 40000000, 41000000, 41797140], [1190, 20196, 221408, 1762288, 10851984, 40000000, 41000000, 42000000, 43000000, 2010932], [1260, 22015, 248710, 2042040, 12985280, 41000000, 42000000, 43000000, 44000000, 5457645], [1332, 23940, 278460, 2356200, 15456672, 42000000, 43000000, 44000000, 27836685], [1406, 25974, 310800, 2707845, 18307674, 43000000, 44000000, 45000000, 46000000, 75294], [1482, 28120, 345876, 3100230, 21583506, 44000000, 45000000, 46000000, 47000000, 183744], [1560, 30381, 383838, 3536793, 25333308, 45000000, 46000000, 47000000, 48000000, 14074025], [1640, 32760, 424840, 4021160, 29610360, 46000000, 47000000, 48000000, 49000000, 17721300], [1722, 35260, 469040, 4557150, 34472308, 47000000, 48000000, 49000000, 50000000, 2127414], [1806, 37884, 516600, 5148780, 39981396, 48000000, 49000000, 50000000, 1486650], [1892, 40635, 567686, 5800270, 46204704, 49000000, 50000000, 51000000, 52000000, 715076], [1980, 43516, 622468, 6516048, 49000000, 50000000, 51000000, 52000000, 53000000, 18728118], [2070, 46530, 681120, 7300755, 50000000, 51000000, 52000000, 53000000, 42545682], [2162, 49680, 743820, 8159250, 51000000, 52000000, 53000000, 54000000, 55000000, 55641320], [2256, 52969, 810750, 9096615, 52000000, 53000000, 54000000, 55000000, 56000000, 40070373], [2352, 56400, 882096, 10118160, 53000000, 54000000, 55000000, 56000000, 57000000, 46980638], [2450, 59976, 958048, 11229428, 54000000, 55000000, 56000000, 57000000, 58000000, 24726133], [2550, 63700, 1038800, 12436200, 55000000, 56000000, 57000000, 58000000, 59000000, 60000000, 5280587], [2652, 67575, 1124550, 13744500, 56000000, 57000000, 58000000, 59000000, 60000000, 61000000, 37363804], [2756, 71604, 1215500, 15160600, 57000000, 58000000, 59000000, 60000000, 61000000, 62000000, 6042267], [2862, 75790, 1311856, 16691025, 58000000, 59000000, 60000000, 61000000, 62000000, 63000000, 9454528], [2970, 80136, 1413828, 18342558, 59000000, 60000000, 61000000, 62000000, 63000000, 39513664], [3080, 84645, 1521630, 20122245, 60000000, 61000000, 62000000, 63000000, 64000000, 65000000, 51445218], [3192, 89320, 1635480, 22037400, 61000000, 62000000, 63000000, 64000000, 65000000, 66000000, 17020412], [3306, 94164, 1755600, 24095610, 62000000, 63000000, 64000000, 65000000, 66000000, 67000000, 68000000, 3011505], [3422, 99180, 1882216, 26304740, 63000000, 64000000, 65000000, 66000000, 67000000, 68000000, 43732476], [3540, 104371, 2015558, 28672938, 64000000, 65000000, 66000000, 67000000, 68000000, 69000000, 70000000, 1268273], [3660, 109740, 2155860, 31208640, 65000000, 66000000, 67000000, 68000000, 69000000, 70000000, 71000000, 72000000, 2625810]];
Tempos_tentados =[[0.0005753999575972557, 0.0006250999867916107, 0.0009544000495225191], [0.0007485999958589673, 0.0006701999809592962, 0.0010462000500410795, 0.0007851999253034592], [0.0006501999450847507, 0.0008570000063627958, 0.0008162000449374318, 0.0010215999791398644, 0.00042660010512918234], [0.0006249999860301614, 0.00109779997728765, 0.001331100007519126, 0.0012965999776497483, 0.0006963999476283789], [0.0007941999938338995, 0.0012024999596178532, 0.0019114000024273992, 0.002064300002530217, 0.0006286000134423375], [0.0007553000468760729, 0.0020374999148771167, 0.0018988000229001045, 0.0023108000168576837, 0.0025260000256821513, 0.0007024999940767884], [0.000821300083771348, 0.0020460999803617597, 0.0023937999503687024, 0.004123600083403289, 0.0010910999262705445], [0.0007377000292763114, 0.0018774999771267176, 0.005312700057402253, 0.011101300013251603, 0.002525000018067658], [0.0015682000666856766, 0.002694200025871396, 0.005606199963949621, 0.015366500010713935, 0.015076500014401972, 0.0034452000400051475], [0.0009655000176280737, 0.0023629000643268228, 0.007064000004902482, 0.021599999978207052, 0.020162599976174533], [0.0014643999747931957, 0.003057599999010563, 0.008157400065101683, 0.0430334999691695, 0.00598249991890043], [0.0009969999082386494, 0.005239399964921176, 0.01027619990054518, 0.030938399955630302, 0.07317690004128963, 0.022673800005577505], [0.0013957000337541103, 0.003911199979484081, 0.013103100005537271, 0.06685780000407249, 0.12696520006284118, 0.011749499943107367], [0.0018585000652819872, 0.0036453999346122146, 0.017620200058445334, 0.060464999987743795, 0.20206729997880757, 0.3914892999455333, 0.026429799967445433], [0.0014173999661579728, 0.0040611999575048685, 0.019649199908599257, 0.08319829998072237, 0.2235709000378847, 0.49921299994457513, 0.018788499990478158], [0.0014430000446736813, 0.00728789996355772, 0.02589859999716282, 0.13213489996269345, 0.35670809994917363, 0.5654763999627903], [0.001840100041590631, 0.005988999968394637, 0.03791350009851158, 0.1847964000189677, 0.4365177999716252, 1.1145464000292122, 0.020020100055262446], [0.0019490999402478337, 0.006848899996839464, 0.048203199985437095, 0.1723230000352487, 0.6035022999858484, 1.639783399994485, 0.10597549995873123], [0.0021238999906927347, 0.011189100099727511, 0.04477680008858442, 0.2338466999353841, 0.7894398000789806, 2.370134099968709, 0.029174000024795532], [0.0019354999531060457, 0.007966800010763109, 0.06324920000042766, 0.2750412999885157, 1.0681394999846816, 3.261780699947849, 0.2611169000156224], [0.0018474999815225601, 0.009005400002934039, 0.08000129996798933, 0.34163700009230524, 1.3983063000487164, 4.58828889997676, 0.6621723000425845], [0.0029698999132961035, 0.01579840003978461, 0.07582130003720522, 0.4283252999885008, 1.8680817000567913, 6.497782899998128, 17.83656730002258, 0.017357399920001626], [0.001715000020340085, 0.017552300007082522, 0.11216160003095865, 0.6339318000245839, 2.69084880000446, 8.493599700042978, 5.979200000059791], [0.0020691000390797853, 0.022287199972197413, 0.10440399998333305, 0.630678000045009, 2.9478364000096917, 11.29120590002276, 6.794003900024109], [0.0018338999943807721, 0.020771599956788123, 0.1586783000966534, 0.7526683999458328, 3.710160900023766, 14.968361399951391, 2.839532900019549], [0.0022353000240400434, 0.014959500054828823, 0.13545870000962168, 1.0390121000818908, 4.694503100006841, 19.542247299919836, 42.47178010002244, 0.6242916999617592], [0.0023218999849632382, 0.01876740006264299, 0.15315060003194958, 1.0640437999973074, 5.89051339996513, 25.441282300045714, 44.29773920006119, 3.6147711999947205], [0.0022803000174462795, 0.018016599933616817, 0.17434739996679127, 1.3136986000463367, 7.2577388000208884, 32.61336449999362, 45.62579690001439, 3.6982430999632925], [0.0024006000021472573, 0.020639700000174344, 0.19909909996204078, 1.4808315000263974, 8.97837729996536, 42.19947939994745, 47.45747479994316, 49.020253799972124, 50.11683220008854, 3.900183599907905], [0.0025831999955698848, 0.02358420006930828, 0.2195310000097379, 1.7334758000215515, 10.681991799967363, 46.85959579993505, 48.5701490000356, 49.867971700034104, 51.05525700002909], [0.003541500074788928, 0.02326429996173829, 0.2516005999641493, 2.0940875000087544, 13.126895499997772, 48.6781847999664, 51.17212740005925, 51.563369299983606, 52.78114849992562, 2.4750969000160694], [0.0029119999380782247, 0.026601199992001057, 0.28002880001440644, 2.4592398999957368, 15.945659799966961, 50.64733800000977, 52.51593850005884, 54.915732600027695, 55.218683999963105, 6.716203899937682], [0.003245200030505657, 0.031206300016492605, 0.3518525999970734, 2.8886858999030665, 19.300411099917255, 55.80731820000801, 54.44952830008697, 56.18171130004339, 35.2423385999864], [0.00309220002964139, 0.03162020002491772, 0.36922180000692606, 3.4093264000257477, 22.708810699987225, 53.3007061999524, 55.00222200003918, 57.57887640001718, 58.484956500004046, 0.14265559997875243], [0.002980099990963936, 0.0338464000960812, 0.3981789000099525, 3.658133300021291, 26.532036500051618, 54.99061969993636, 57.4488639999181, 59.19739830004983, 60.714690499939024, 0.23685350001323968], [0.002930999966338277, 0.04340470000170171, 0.44162130006588995, 4.285137999919243, 31.268077899934724, 56.92119050002657, 58.97151830000803, 61.10062670009211, 62.42550160002429, 18.074950200039893], [0.0033720999490469694, 0.03909919993020594, 0.493707999936305, 4.904269600054249, 36.957681600004435, 58.25122739991639, 60.0257055000402, 62.21087619999889, 63.97114379995037, 22.806713399942964], [0.0037134999874979258, 0.04211599996779114, 0.5586492998991162, 5.526526800007559, 43.192395900026895, 59.695395400049165, 61.98980019998271, 64.53554169996642, 65.75051579996943, 2.781247799983248], [0.003708199947141111, 0.04661819990724325, 0.6769009999698028, 6.437724000075832, 51.51825880003162, 62.313600299996324, 65.09151070006192, 67.07355259999167, 1.9862911000382155], [0.0032256999984383583, 0.060598199954256415, 0.6685648000566289, 7.355213699978776, 59.212409700034186, 64.45904089999385, 65.74588990001939, 68.88920839992352, 70.29096629994456, 0.9659950999775901], [0.003954000072553754, 0.05890129995532334, 0.8748358000302687, 8.070610900060274, 63.03232290002052, 66.65916050004307, 67.9528223000234, 69.7845371000003, 71.27651499991771, 25.507172300014645], [0.0038225000025704503, 0.08143720007501543, 0.9837492000078782, 9.330016900086775, 64.48292760003824, 69.04611620004289, 71.37866579997353, 72.66865569993388, 57.722541700000875], [0.0037483000196516514, 0.05840219999663532, 0.9899969999678433, 10.142832800047472, 65.82206040003803, 69.52411920006853, 71.65688610007055, 74.42998270003591, 75.36834069993347, 76.38853899994865], [0.004794900072738528, 0.0654548000311479, 0.9852730999700725, 11.548215200076811, 68.28071760002058, 71.06583609990776, 73.09038349997718, 75.30552620009985, 77.47085359995253, 56.377184400102124], [0.004539099987596273, 0.06811290001496673, 1.0726789999753237, 12.893830099957995, 68.60873740003444, 72.08041970001068, 74.97936730005313, 77.66801280004438, 78.9741068999283, 65.94083930004854], [0.005003200029022992, 0.07367599999997765, 1.1766685999464244, 14.298238700022921, 70.87543849996291, 74.10192739998456, 77.8608693999704, 79.28316089999862, 81.11796259996481, 34.859479299979284], [0.005975999985821545, 0.07806980004534125, 1.2588584999321029, 15.716988499974832, 72.41900200000964, 76.16011180006899, 78.9513980000047, 82.07973490003496, 83.2509137999732, 84.87718180008233, 7.678253100020811], [0.0051250000251457095, 0.08049250009935349, 1.3724885999690741, 17.32169590005651, 73.97919099999126, 77.18854220001958, 80.46077280002646, 83.24124969996046, 85.22767060005572, 85.75793329998851, 52.59163470007479], [0.006465899990871549, 0.08649260003585368, 1.4870095000369474, 19.419970899936743, 75.91761829995085, 80.0290445999708, 82.56414659996517, 85.03247129998636, 87.32329169998411, 89.37605520000216, 8.872885100077838], [0.0042993000242859125, 0.09222810005303472, 1.595801099902019, 21.382827099994756, 77.81630239996593, 81.37080449995119, 84.51071360008791, 87.58059550006874, 89.23736139992252, 90.52448530006222, 13.658532899920829], [0.005036299931816757, 0.09517320001032203, 1.7564417000394315, 23.65663039998617, 81.395392299979, 83.44294089998584, 87.41800920001697, 89.91708690009546, 93.51023510005325, 57.76812300004531], [0.005830700043588877, 0.10160829999949783, 1.8857003999873996, 26.71756109991111, 81.49282469996251, 84.64510419999715, 87.80119380005635, 92.22729510010686, 93.4540753000183, 94.43886059999932, 74.78557910001837], [0.0058645999524742365, 0.10852060001343489, 2.0372628000332043, 28.546579199959524, 82.82623460004106, 86.77978680003434, 89.79991030006204, 92.48805749998428, 95.80389699991792, 97.4613384999102, 25.055420199991204], [0.005097499932162464, 0.11666279996279627, 2.327804600005038, 31.417281400063075, 85.93533570005093, 89.6301056999946, 92.06266759999562, 94.47288989997469, 96.76602450001519, 99.00702889997046, 100.37649679998867, 4.753649800084531], [0.006558499997481704, 0.14304529991932213, 2.3593811999307945, 34.48545469995588, 86.66822390002199, 91.60803120001219, 94.98850470001344, 97.65096390002873, 100.27437599992845, 101.88685259991325, 66.3380389000522], [0.006375500001013279, 0.12463239999487996, 2.527143899933435, 37.91870399995241, 87.28236529999413, 92.68890710000414, 95.38592839997727, 98.25826649996452, 100.50013439997565, 102.7830638999585, 104.93093630007934, 2.0442734999815], [0.005047300015576184, 0.1325309999519959, 2.7231724000303075, 41.23989369999617, 89.378682199982, 93.83165399997961, 97.53402490005828, 101.81844139995519, 104.55343660002109, 105.5794956999598, 107.84080579993315, 110.12927609996404, 4.016065799980424]];
N_Configurations =[[5, 7, 5], [6, 11, 11, 6], [7, 16, 21, 16, 1], [8, 22, 36, 36, 5], [9, 29, 57, 71, 4], [10, 37, 85, 127, 127, 12], [11, 46, 121, 211, 8], [12, 56, 166, 331, 42], [13, 67, 221, 496, 793, 70], [14, 79, 287, 716, 941], [15, 92, 365, 1002, 206], [16, 106, 456, 1366, 3004, 840], [17, 121, 561, 1821, 4369, 386], [18, 137, 681, 2381, 6189, 12377, 973], [19, 154, 817, 3061, 8569, 18565, 606], [20, 172, 970, 3877, 11629, 20527], [21, 191, 1141, 4846, 15505, 38761, 460], [22, 211, 1331, 5986, 20350, 54265, 3172], [23, 232, 1541, 7316, 26335, 74614, 765], [24, 254, 1772, 8856, 33650, 100948, 7702], [25, 277, 2025, 10627, 42505, 134597, 18518], [26, 301, 2301, 12651, 53131, 177101, 480701, 417], [27, 326, 2601, 14951, 65781, 230231, 154244], [28, 352, 2926, 17551, 80731, 296011, 154930], [29, 379, 3277, 20476, 98281, 376741, 68983], [30, 407, 3655, 23752, 118756, 475021, 1000001, 13846], [31, 436, 4061, 27406, 142507, 593776, 1000001, 80233], [32, 466, 4496, 31466, 169912, 736282, 1000001, 72999], [33, 497, 4961, 35961, 201377, 906193, 1000001, 1000001, 1000001, 77196], [34, 529, 5457, 40921, 237337, 1000001, 1000001, 1000001, 995170], [35, 562, 5985, 46377, 278257, 1000001, 1000001, 1000001, 1000001, 45703], [36, 596, 6546, 52361, 324633, 1000001, 1000001, 1000001, 1000001, 121281], [37, 631, 7141, 58906, 376993, 1000001, 1000001, 1000001, 618593], [38, 667, 7771, 66046, 435898, 1000001, 1000001, 1000001, 1000001, 1602], [39, 704, 8437, 73816, 501943, 1000001, 1000001, 1000001, 1000001, 3828], [40, 742, 9140, 82252, 575758, 1000001, 1000001, 1000001, 1000001, 287225], [41, 781, 9881, 91391, 658009, 1000001, 1000001, 1000001, 1000001, 354426], [42, 821, 10661, 101271, 749399, 1000001, 1000001, 1000001, 1000001, 41714], [43, 862, 11481, 111931, 850669, 1000001, 1000001, 1000001, 29150], [44, 904, 12342, 123411, 962599, 1000001, 1000001, 1000001, 1000001, 13492], [45, 947, 13245, 135752, 1000001, 1000001, 1000001, 1000001, 1000001, 346817], [46, 991, 14191, 148996, 1000001, 1000001, 1000001, 1000001, 787883], [47, 1036, 15181, 163186, 1000001, 1000001, 1000001, 1000001, 1000001, 993595], [48, 1082, 16216, 178366, 1000001, 1000001, 1000001, 1000001, 1000001, 702989], [49, 1129, 17297, 194581, 1000001, 1000001, 1000001, 1000001, 1000001, 810011], [50, 1177, 18425, 211877, 1000001, 1000001, 1000001, 1000001, 1000001, 419087], [51, 1226, 19601, 230301, 1000001, 1000001, 1000001, 1000001, 1000001, 1000001, 86567], [52, 1276, 20826, 249901, 1000001, 1000001, 1000001, 1000001, 1000001, 1000001, 602642], [53, 1327, 22101, 270726, 1000001, 1000001, 1000001, 1000001, 1000001, 1000001, 95909], [54, 1379, 23427, 292826, 1000001, 1000001, 1000001, 1000001, 1000001, 1000001, 147727], [55, 1432, 24805, 316252, 1000001, 1000001, 1000001, 1000001, 1000001, 617401], [56, 1486, 26236, 341056, 1000001, 1000001, 1000001, 1000001, 1000001, 1000001, 779473], [57, 1541, 27721, 367291, 1000001, 1000001, 1000001, 1000001, 1000001, 1000001, 254036], [58, 1597, 29261, 395011, 1000001, 1000001, 1000001, 1000001, 1000001, 1000001, 1000001, 43645], [59, 1654, 30857, 424271, 1000001, 1000001, 1000001, 1000001, 1000001, 1000001, 633804], [60, 1712, 32510, 455127, 1000001, 1000001, 1000001, 1000001, 1000001, 1000001, 1000001, 17863], [61, 1771, 34221, 487636, 1000001, 1000001, 1000001, 1000001, 1000001, 1000001, 1000001, 1000001, 35970]];

%Parâmetros correspondentes ao K que retornou solução
Ks_solution =[0, 0, 5, 5, 5, 6, 5, 5, 6, 5, 5, 6, 6, 7, 7, 6, 7, 7, 7, 7, 7, 8, 7, 7, 7, 8, 8, 8, 10, 9, 10, 10, 9, 10, 10, 10, 10, 10, 9, 10, 10, 9, 10, 10, 10, 10, 11, 11, 11, 11, 10, 11, 11, 12, 11, 12, 13];
Operacoes =[0, 0, 11, 60, 52, 180, 120, 672, 1260, 16938, 3914, 17640, 8492, 23352, 15150, 513175, 12420, 88816, 22185, 231060, 574058, 13761, 5090052, 5267620, 2414405, 512302, 3048854, 2846961, 3242232, 41797140, 2010932, 5457645, 27836685, 75294, 183744, 14074025, 17721300, 2127414, 1486650, 715076, 18728118, 42545682, 55641320, 40070373, 46980638, 24726133, 5280587, 37363804, 6042267, 9454528, 39513664, 51445218, 17020412, 3011505, 43732476, 1268273, 2625810];
Tempo =[0, 0, 0.00042660010512918234, 0.0006963999476283789, 0.0006286000134423375, 0.0007024999940767884, 0.0010910999262705445, 0.002525000018067658, 0.0034452000400051475, 0.020162599976174533, 0.00598249991890043, 0.022673800005577505, 0.011749499943107367, 0.026429799967445433, 0.018788499990478158, 0.5654763999627903, 0.020020100055262446, 0.10597549995873123, 0.029174000024795532, 0.2611169000156224, 0.6621723000425845, 0.017357399920001626, 5.979200000059791, 6.794003900024109, 2.839532900019549, 0.6242916999617592, 3.6147711999947205, 3.6982430999632925, 3.900183599907905, 51.05525700002909, 2.4750969000160694, 6.716203899937682, 35.2423385999864, 0.14265559997875243, 0.23685350001323968, 18.074950200039893, 22.806713399942964, 2.781247799983248, 1.9862911000382155, 0.9659950999775901, 25.507172300014645, 57.722541700000875, 76.38853899994865, 56.377184400102124, 65.94083930004854, 34.859479299979284, 7.678253100020811, 52.59163470007479, 8.872885100077838, 13.658532899920829, 57.76812300004531, 74.78557910001837, 25.055420199991204, 4.753649800084531, 66.3380389000522, 2.0442734999815, 4.016065799980424];
N_Configurations =[0, 0, 1, 5, 4, 12, 8, 42, 70, 941, 206, 840, 386, 973, 606, 20527, 460, 3172, 765, 7702, 18518, 417, 154244, 154930, 68983, 13846, 80233, 72999, 77196, 995170, 45703, 121281, 618593, 1602, 3828, 287225, 354426, 41714, 29150, 13492, 346817, 787883, 993595, 702989, 810011, 419087, 86567, 602642, 95909, 147727, 617401, 779473, 254036, 43645, 633804, 17863, 35970];
Solutions =[0, 0, {0, 1, 2, 3, 5}, {1, 2, 3, 5, 6}, {0, 1, 2, 3, 4}, {0, 1, 2, 4, 7, 8}, {0, 3, 4, 8, 9}, {0, 4, 7, 8, 9}, {1, 4, 6, 7, 8, 9}, {4, 6, 7, 8, 9}, {4, 6, 7, 8, 9}, {4, 7, 8, 9, 12, 14}, {2, 5, 6, 7, 8, 13}, {2, 5, 6, 7, 8, 13, 16}, {2, 5, 6, 7, 8, 13, 14}, {2, 4, 6, 7, 8, 18}, {6, 7, 8, 13, 15, 18, 19}, {4, 6, 7, 8, 18, 19, 20}, {2, 6, 7, 8, 13, 16, 19}, {2, 3, 5, 6, 17, 18, 21}, {3, 5, 6, 8, 15, 18, 21}, {2, 3, 5, 8, 10, 12, 13, 14}, {0, 5, 17, 18, 20, 21, 25}, {3, 5, 8, 11, 18, 20, 21}, {3, 5, 8, 11, 18, 20, 21}, {3, 5, 11, 15, 17, 18, 21, 24}, {1, 2, 3, 5, 8, 10, 12, 18}, {2, 5, 7, 11, 17, 18, 21, 24}, {2, 3, 5, 9, 11, 17, 18, 21, 22, 31}, {2, 5, 7, 11, 17, 18, 21, 24, 31}, {33, 2, 5, 7, 11, 16, 17, 21, 22, 31}, {33, 2, 3, 34, 6, 10, 18, 19, 30, 31}, {35, 3, 5, 8, 11, 18, 20, 21, 30}, {2, 3, 5, 6, 9, 17, 18, 21, 22, 31}, {33, 2, 34, 7, 9, 13, 22, 25, 30, 31}, {1, 33, 35, 34, 2, 5, 7, 12, 24, 30}, {1, 35, 5, 8, 10, 11, 12, 18, 20, 22}, {34, 35, 36, 2, 39, 17, 18, 19, 23, 25}, {33, 2, 4, 38, 7, 40, 10, 18, 30}, {33, 2, 4, 39, 40, 42, 18, 22, 27, 30}, {32, 38, 40, 9, 41, 16, 18, 21, 25, 30}, {2, 5, 7, 40, 8, 10, 12, 13, 18}, {35, 3, 5, 39, 8, 11, 12, 45, 18, 20}, {6, 7, 8, 9, 40, 43, 12, 44, 18, 20}, {38, 6, 7, 41, 40, 9, 12, 13, 18, 21}, {34, 40, 41, 9, 18, 21, 25, 27, 28, 30}, {2, 36, 40, 41, 42, 45, 46, 16, 18, 20, 24}, {33, 6, 40, 41, 10, 11, 46, 48, 49, 21, 29}, {32, 34, 3, 9, 41, 44, 13, 48, 18, 24, 25}, {35, 6, 41, 10, 11, 13, 46, 48, 18, 21, 28}, {38, 6, 40, 41, 10, 46, 18, 21, 29, 30}, {33, 34, 38, 40, 10, 43, 46, 47, 49, 20, 21}, {2, 35, 5, 6, 41, 10, 46, 18, 53, 21, 30}, {0, 33, 3, 4, 36, 11, 13, 48, 49, 50, 53, 29}, {34, 3, 40, 9, 41, 12, 21, 57, 26, 27, 30}, {33, 2, 3, 35, 4, 6, 39, 13, 48, 16, 51, 53}, {33, 1, 2, 4, 5, 10, 11, 45, 48, 18, 53, 59, 30}];
Check_if_correct =[-1, -1, 1, 1, 1, 1, 1, 1, 1, 1, 1, 1, 1, 1, 1, 1, 1, 1, 1, 1, 1, 1, 1, 1, 1, 1, 1, 1, 1, 1, 1, 1, 1, 1, 1, 1, 1, 1, 1, 1, 1, 1, 1, 1, 1, 1, 1, 1, 1, 1, 1, 1, 1, 1, 1, 1, 1];


%Todos os parâmetros
Size =[4, 5, 6, 7, 8, 9, 10, 11, 12, 13, 14, 15, 16, 17, 18, 19, 20, 21, 22, 23, 24, 25, 26, 27, 28, 29, 30, 31, 32, 33, 34, 35, 36, 37, 38, 39, 40, 41, 42, 43, 44, 45, 46, 47, 48, 49, 50, 51, 52, 53, 54, 55, 56, 57, 58, 59, 60]; P =0.25;
Ks_solution =[[1, 2, 3], [1, 2, 3], [1, 2, 3, 4], [1, 2, 3], [1, 2, 3], [1, 2, 3, 4], [1, 2, 3], [1, 2, 3, 4], [1, 2, 3, 4, 5], [1, 2, 3, 4], [1, 2, 3, 4], [1, 2, 3, 4], [1, 2, 3, 4], [1, 2, 3, 4], [1, 2, 3, 4], [1, 2, 3, 4], [1, 2, 3, 4], [1, 2, 3, 4], [1, 2, 3, 4, 5], [1, 2, 3, 4, 5, 6], [1, 2, 3, 4, 5], [1, 2, 3, 4, 5], [1, 2, 3, 4, 5], [1, 2, 3, 4, 5, 6], [1, 2, 3, 4, 5], [1, 2, 3, 4, 5], [1, 2, 3, 4, 5], [1, 2, 3, 4, 5], [1, 2, 3, 4, 5], [1, 2, 3, 4, 5], [1, 2, 3, 4, 5], [1, 2, 3, 4, 5], [1, 2, 3, 4, 5], [1, 2, 3, 4, 5], [1, 2, 3, 4, 5], [1, 2, 3, 4, 5], [1, 2, 3, 4, 5], [1, 2, 3, 4, 5], [1, 2, 3, 4, 5, 6], [1, 2, 3, 4, 5, 6], [1, 2, 3, 4, 5, 6], [1, 2, 3, 4, 5, 6], [1, 2, 3, 4, 5, 6], [1, 2, 3, 4, 5, 6], [1, 2, 3, 4, 5, 6], [1, 2, 3, 4, 5, 6], [1, 2, 3, 4, 5, 6], [1, 2, 3, 4, 5, 6], [1, 2, 3, 4, 5, 6], [1, 2, 3, 4, 5, 6], [1, 2, 3, 4, 5, 6], [1, 2, 3, 4, 5, 6], [1, 2, 3, 4, 5, 6], [1, 2, 3, 4, 5, 6], [1, 2, 3, 4, 5, 6], [1, 2, 3, 4, 5, 6], [1, 2, 3, 4, 5, 6]];
Operacoes =[[20, 36, 28], [30, 70, 32], [42, 120, 180, 70], [56, 189, 100], [72, 280, 275], [90, 396, 1008, 13], [110, 540, 260], [132, 715, 2310, 180], [156, 924, 3300, 7920, 17], [182, 1170, 4576, 4012], [210, 1456, 6188, 972], [240, 1785, 8190, 2964], [272, 2160, 10640, 1240], [306, 2584, 13600, 2163], [342, 3060, 17136, 660], [380, 3591, 21318, 276], [420, 4180, 26220, 16680], [462, 4830, 31920, 40300], [506, 5544, 38500, 190190, 96390], [552, 6325, 46046, 239085, 942172, 273180], [600, 7176, 54648, 297528, 80504], [650, 8100, 64400, 366850, 1255710], [702, 9100, 75400, 448500, 1416638], [756, 10179, 87750, 544050, 2583360, 178299], [812, 11340, 101556, 655200, 1199748], [870, 12586, 116928, 783783, 22950], [930, 13920, 133980, 931770, 46165], [992, 15345, 152830, 1101275, 633888], [1056, 16864, 173600, 1294560, 66822], [1122, 18480, 196416, 1514040, 4595150], [1190, 20196, 221408, 1762288, 6784167], [1260, 22015, 248710, 2042040, 4520920], [1332, 23940, 278460, 2356200, 340792], [1406, 25974, 310800, 2707845, 1949808], [1482, 28120, 345876, 3100230, 10178401], [1560, 30381, 383838, 3536793, 497376], [1640, 32760, 424840, 4021160, 3104325], [1722, 35260, 469040, 4557150, 17351108], [1806, 37884, 516600, 5148780, 39981396, 2612640], [1892, 40635, 567686, 5800270, 46204704, 487452], [1980, 43516, 622468, 6516048, 49000000, 804600], [2070, 46530, 681120, 7300755, 50000000, 1386435], [2162, 49680, 743820, 8159250, 51000000, 5704608], [2256, 52969, 810750, 9096615, 52000000, 18482319], [2352, 56400, 882096, 10118160, 53000000, 8286786], [2450, 59976, 958048, 11229428, 54000000, 2162875], [2550, 63700, 1038800, 12436200, 55000000, 15049384], [2652, 67575, 1124550, 13744500, 56000000, 9563004], [2756, 71604, 1215500, 15160600, 57000000, 33987884], [2862, 75790, 1311856, 16691025, 58000000, 18718576], [2970, 80136, 1413828, 18342558, 59000000, 4044660], [3080, 84645, 1521630, 20122245, 60000000, 22834496], [3192, 89320, 1635480, 22037400, 61000000, 10540186], [3306, 94164, 1755600, 24095610, 62000000, 26169822], [3422, 99180, 1882216, 26304740, 63000000, 3892800], [3540, 104371, 2015558, 28672938, 64000000, 9935315], [3660, 109740, 2155860, 31208640, 65000000, 12265968]];
Tempos_tentados =[[0.0004398999735713005, 0.0007306000916287303, 0.0004986999556422234], [0.0006962999468669295, 0.0006752000190317631, 0.0007159999804571271], [0.000535300001502037, 0.0008283000206574798, 0.0007800000021234155, 0.0006899000145494938], [0.0006415999960154295, 0.001045399927534163, 0.0008252999978139997], [0.0007732999511063099, 0.0010248000035062432, 0.0009000001009553671], [0.0006998000899329782, 0.0010043000802397728, 0.0020401999354362488, 0.0005536000244319439], [0.0009363000281155109, 0.0015223000664263964, 0.0012734999181702733], [0.0009064000332728028, 0.0026569999754428864, 0.0069000000366941094, 0.0009114999556913972], [0.0010219999821856618, 0.0016452999552711844, 0.004255399922840297, 0.012902699992991984, 0.0007269999478012323], [0.0009163999930024147, 0.0028968999395146966, 0.006134800030849874, 0.00763030000962317], [0.0008530999766662717, 0.0034322000574320555, 0.007793599972501397, 0.0021920999279245734], [0.0012586999218910933, 0.003337400034070015, 0.010147999972105026, 0.005024199956096709], [0.0008055999642238021, 0.0032722000032663345, 0.014376899925991893, 0.002535699983127415], [0.000992199988104403, 0.0041680000722408295, 0.017269899952225387, 0.003618899965658784], [0.0013233000645413995, 0.005018000025302172, 0.02090100001078099, 0.0016992000164464116], [0.0014030999736860394, 0.004979200079105794, 0.027376399957574904, 0.0013885999796912074], [0.001280499971471727, 0.008097099955193698, 0.04104860010556877, 0.022863700054585934], [0.001604099990800023, 0.006989000015892088, 0.04043559997808188, 0.052498600096441805], [0.001243600039742887, 0.00725679995957762, 0.056165499961934984, 0.26475550001487136, 0.1275508999824524], [0.0012891000369563699, 0.008080100058577955, 0.1014027000637725, 0.35747260006610304, 1.0997037999331951, 0.31726169993635267], [0.0016015000874176621, 0.009596399962902069, 0.06843710003886372, 0.3520472999662161, 0.09863799996674061], [0.001816099975258112, 0.010435699950903654, 0.07784010004252195, 0.4281066000694409, 1.4613996999105439], [0.0019297999097034335, 0.011430900078266859, 0.09545629995409399, 0.5925616000313312, 1.8116135998861864], [0.0022507000248879194, 0.01560559996869415, 0.10726710001472384, 0.6757500000530854, 3.216488800011575, 0.22288680006749928], [0.001961400033906102, 0.021905999979935586, 0.1252878000959754, 0.8002833999926224, 1.520073699997738], [0.002131299930624664, 0.017797600012272596, 0.14485529996454716, 0.9560365000506863, 0.03061709995381534], [0.0021374999778345227, 0.01810230000410229, 0.16587200004141778, 1.343460200005211, 0.07964300003368407], [0.0019099999917671084, 0.01846570009365678, 0.25331389997154474, 1.333066700026393, 0.7932448999490589], [0.0028726999880746007, 0.022906000027433038, 0.22912450006697327, 1.5934657999314368, 0.09048170002643019], [0.0023366000968962908, 0.02319009997881949, 0.2442891999380663, 1.9231594000011683, 5.7037552000256255], [0.0024301999947056174, 0.026785099995322526, 0.27312680007889867, 2.2003035999368876, 8.53735300002154], [0.00294860010035336, 0.029715399956330657, 0.30524460005108267, 2.6453284999588504, 5.736378800007515], [0.003436999977566302, 0.031108299968764186, 0.36673000000882894, 3.048738699988462, 0.4458727000746876], [0.0032496999483555555, 0.03407110006082803, 0.41387210006359965, 3.4616330000571907, 2.516054599895142], [0.004010399919934571, 0.03725209995172918, 0.44174140004906803, 4.009358900017105, 13.231390699977055], [0.0029107999289408326, 0.04598940000869334, 0.48099459998775274, 4.637561099953018, 0.6537994999671355], [0.003552700043655932, 0.04615490010473877, 0.5550526001024991, 5.255526200053282, 4.281918799970299], [0.003592299995943904, 0.04906470002606511, 0.6006870999699458, 6.200045600067824, 23.15580370009411], [0.004034099983982742, 0.061941000050865114, 0.6763210999779403, 6.806529500056058, 53.342718100058846, 3.6196066000266], [0.004025500034913421, 0.05973340000491589, 0.7133458000607789, 7.615033299895003, 61.75648199999705, 0.6609483000356704], [0.0036727000260725617, 0.07875360001344234, 0.8026906999293715, 8.632825699984096, 66.42362370004412, 1.105334599968046], [0.004728799918666482, 0.06092179997358471, 0.8688961999723688, 9.619092499953695, 67.58346950006671, 1.902383300010115], [0.004236999899148941, 0.0668555999873206, 0.9599872999824584, 10.935009300010279, 70.11710210004821, 7.938387300004251], [0.004513800027780235, 0.06989670009352267, 1.095715699950233, 12.099966499954462, 71.42313929996453, 25.515263400040567], [0.004473400069400668, 0.07504089991562068, 1.1492813000222668, 13.594176899990998, 73.004336800077, 11.572427300037816], [0.0048949000192806125, 0.07750400004442781, 1.3520225000102073, 15.233432900044136, 74.66681899991818, 3.022531699971296], [0.004867099924013019, 0.08379800000693649, 1.3691628000233322, 17.061441599973477, 78.53725069994107, 21.795049999956973], [0.006060200044885278, 0.09180409996770322, 1.502975199953653, 18.80966290005017, 78.35586890007835, 13.592996299965307], [0.005042999982833862, 0.09603709995280951, 1.6301314999582246, 20.9982553999871, 81.58166639995761, 49.30810250004288], [0.004715900053270161, 0.1172808000119403, 1.7585777000058442, 23.40794870001264, 83.14559690002352, 27.12696129991673], [0.0059980000369250774, 0.1072349000023678, 1.9057087999535725, 25.978443400003016, 85.05052380007692, 5.950064800097607], [0.0067405999870970845, 0.11865349998697639, 2.035023200092837, 28.337062199949287, 87.25920139998198, 33.51703680003993], [0.006664799991995096, 0.11561580002307892, 2.2378773000091314, 32.59493859997019, 92.97121850005351, 15.558923900010996], [0.006937199970707297, 0.12489019997883588, 2.3949370000045747, 34.83811719994992, 91.13339680002537, 38.41290240001399], [0.00652950000949204, 0.13412120006978512, 2.601062300032936, 37.80419329996221, 93.85210770007689, 5.810416799969971], [0.006083999993279576, 0.13874239998403937, 2.7930563000263646, 41.29220789996907, 94.73947190004401, 14.871772899990901], [0.007066899910569191, 0.1487155999056995, 2.9626018000999466, 45.15241859992966, 96.1023185000522, 18.851729499991052]];
N_Configurations =[[5, 7, 5], [6, 11, 4], [7, 16, 21, 7], [8, 22, 10], [9, 29, 25], [10, 37, 85, 1], [11, 46, 20], [12, 56, 166, 12], [13, 67, 221, 496, 1], [14, 79, 287, 236], [15, 92, 365, 54], [16, 106, 456, 156], [17, 121, 561, 62], [18, 137, 681, 103], [19, 154, 817, 30], [20, 172, 970, 12], [21, 191, 1141, 695], [22, 211, 1331, 1612], [23, 232, 1541, 7316, 3570], [24, 254, 1772, 8856, 33650, 9420], [25, 277, 2025, 10627, 2776], [26, 301, 2301, 12651, 41857], [27, 326, 2601, 14951, 45698], [28, 352, 2926, 17551, 80731, 5403], [29, 379, 3277, 20476, 36356], [30, 407, 3655, 23752, 675], [31, 436, 4061, 27406, 1319], [32, 466, 4496, 31466, 17608], [33, 497, 4961, 35961, 1806], [34, 529, 5457, 40921, 120925], [35, 562, 5985, 46377, 173953], [36, 596, 6546, 52361, 113023], [37, 631, 7141, 58906, 8312], [38, 667, 7771, 66046, 46424], [39, 704, 8437, 73816, 236707], [40, 742, 9140, 82252, 11304], [41, 781, 9881, 91391, 68985], [42, 821, 10661, 101271, 377198], [43, 862, 11481, 111931, 850669, 54430], [44, 904, 12342, 123411, 962599, 9948], [45, 947, 13245, 135752, 1000001, 16092], [46, 991, 14191, 148996, 1000001, 27185], [47, 1036, 15181, 163186, 1000001, 109704], [48, 1082, 16216, 178366, 1000001, 348723], [49, 1129, 17297, 194581, 1000001, 153459], [50, 1177, 18425, 211877, 1000001, 39325], [51, 1226, 19601, 230301, 1000001, 268739], [52, 1276, 20826, 249901, 1000001, 167772], [53, 1327, 22101, 270726, 1000001, 585998], [54, 1379, 23427, 292826, 1000001, 317264], [55, 1432, 24805, 316252, 1000001, 67411], [56, 1486, 26236, 341056, 1000001, 374336], [57, 1541, 27721, 367291, 1000001, 170003], [58, 1597, 29261, 395011, 1000001, 415394], [59, 1654, 30857, 424271, 1000001, 60825], [60, 1712, 32510, 455127, 1000001, 152851], [61, 1771, 34221, 487636, 1000001, 185848]];

%Parâmetros correspondentes ao K que retornou solução
Ks_solution =[0, 3, 4, 3, 3, 4, 3, 4, 5, 4, 4, 4, 4, 4, 4, 4, 4, 4, 5, 6, 5, 5, 5, 6, 5, 5, 5, 5, 5, 5, 5, 5, 5, 5, 5, 5, 5, 5, 6, 6, 6, 6, 6, 6, 6, 6, 6, 6, 6, 6, 6, 6, 6, 6, 6, 6, 6];
Operacoes =[0, 32, 70, 100, 275, 13, 260, 180, 17, 4012, 972, 2964, 1240, 2163, 660, 276, 16680, 40300, 96390, 273180, 80504, 1255710, 1416638, 178299, 1199748, 22950, 46165, 633888, 66822, 4595150, 6784167, 4520920, 340792, 1949808, 10178401, 497376, 3104325, 17351108, 2612640, 487452, 804600, 1386435, 5704608, 18482319, 8286786, 2162875, 15049384, 9563004, 33987884, 18718576, 4044660, 22834496, 10540186, 26169822, 3892800, 9935315, 12265968];
Tempo =[0, 0.0007159999804571271, 0.0006899000145494938, 0.0008252999978139997, 0.0009000001009553671, 0.0005536000244319439, 0.0012734999181702733, 0.0009114999556913972, 0.0007269999478012323, 0.00763030000962317, 0.0021920999279245734, 0.005024199956096709, 0.002535699983127415, 0.003618899965658784, 0.0016992000164464116, 0.0013885999796912074, 0.022863700054585934, 0.052498600096441805, 0.1275508999824524, 0.31726169993635267, 0.09863799996674061, 1.4613996999105439, 1.8116135998861864, 0.22288680006749928, 1.520073699997738, 0.03061709995381534, 0.07964300003368407, 0.7932448999490589, 0.09048170002643019, 5.7037552000256255, 8.53735300002154, 5.736378800007515, 0.4458727000746876, 2.516054599895142, 13.231390699977055, 0.6537994999671355, 4.281918799970299, 23.15580370009411, 3.6196066000266, 0.6609483000356704, 1.105334599968046, 1.902383300010115, 7.938387300004251, 25.515263400040567, 11.572427300037816, 3.022531699971296, 21.795049999956973, 13.592996299965307, 49.30810250004288, 27.12696129991673, 5.950064800097607, 33.51703680003993, 15.558923900010996, 38.41290240001399, 5.810416799969971, 14.871772899990901, 18.851729499991052];
N_Configurations =[0, 4, 7, 10, 25, 1, 20, 12, 1, 236, 54, 156, 62, 103, 30, 12, 695, 1612, 3570, 9420, 2776, 41857, 45698, 5403, 36356, 675, 1319, 17608, 1806, 120925, 173953, 113023, 8312, 46424, 236707, 11304, 68985, 377198, 54430, 9948, 16092, 27185, 109704, 348723, 153459, 39325, 268739, 167772, 585998, 317264, 67411, 374336, 170003, 415394, 60825, 152851, 185848];
Solutions =[0, {2, 3, 4}, {0, 2, 3, 5}, {0, 5, 6}, {1, 4, 6}, {8, 0, 3, 1}, {9, 2, 4}, {10, 5, 6, 7}, {2, 4, 9, 10, 11}, {0, 9, 12, 8}, {8, 1, 3, 13}, {9, 2, 11, 4}, {8, 13, 5, 6}, {9, 13, 14, 15}, {8, 9, 12, 13}, {9, 2, 13, 17}, {1, 13, 6, 15}, {9, 2, 12, 13}, {7, 9, 12, 13, 14}, {0, 7, 9, 12, 14, 22}, {7, 9, 12, 14, 23}, {7, 9, 12, 14, 23}, {7, 9, 12, 14, 23}, {9, 12, 13, 14, 23, 25}, {0, 3, 6, 15, 27}, {15, 17, 24, 27, 28}, {1, 15, 23, 24, 28}, {7, 17, 24, 27, 28}, {7, 17, 24, 27, 28}, {1, 3, 15, 23, 28}, {32, 7, 12, 26, 27}, {32, 1, 15, 23, 28}, {7, 9, 12, 26, 27}, {7, 9, 12, 14, 23}, {32, 37, 13, 15, 17}, {32, 37, 13, 15, 17}, {7, 9, 12, 26, 27}, {32, 1, 15, 23, 28}, {32, 4, 37, 13, 15, 17}, {32, 36, 5, 12, 13, 22}, {32, 2, 4, 37, 12, 26}, {39, 7, 9, 11, 12, 22}, {0, 3, 8, 12, 19, 27}, {36, 7, 40, 9, 12, 22}, {32, 4, 37, 47, 17, 19}, {4, 9, 11, 12, 48, 22}, {9, 15, 22, 23, 24, 28}, {1, 38, 12, 15, 50, 30}, {4, 8, 9, 12, 26, 27}, {41, 9, 11, 15, 51, 29}, {4, 8, 9, 43, 11, 12}, {3, 37, 12, 15, 50, 53}, {9, 11, 15, 54, 55, 29}, {36, 4, 9, 43, 12, 11}, {32, 43, 18, 50, 52, 57}, {40, 50, 56, 57, 29, 30}, {32, 20, 56, 57, 58, 29}];
Check_if_correct =[-1, 1, 1, 1, 1, 1, 1, 1, 1, 1, 1, 1, 1, 1, 1, 1, 1, 1, 1, 1, 1, 1, 1, 1, 1, 1, 1, 1, 1, 1, 1, 1, 1, 1, 1, 1, 1, 1, 1, 1, 1, 1, 1, 1, 1, 1, 1, 1, 1, 1, 1, 1, 1, 1, 1, 1, 1];


%Todos os parâmetros
Size =[4, 5, 6, 7, 8, 9, 10, 11, 12, 13, 14, 15, 16, 17, 18, 19, 20, 21, 22, 23, 24, 25, 26, 27, 28, 29, 30, 31, 32, 33, 34, 35, 36, 37, 38, 39, 40, 41, 42, 43, 44, 45, 46, 47, 48, 49, 50, 51, 52, 53, 54, 55, 56, 57, 58, 59, 60]; P =0.5;
Ks_solution =[[1, 2], [1, 2], [1, 2], [1, 2], [1, 2], [1, 2, 3], [1, 2], [1, 2], [1, 2], [1, 2], [1, 2], [1, 2], [1, 2], [1, 2], [1, 2], [1, 2, 3], [1, 2], [1, 2, 3], [1, 2], [1, 2], [1, 2], [1, 2], [1, 2, 3], [1, 2, 3], [1, 2, 3], [1, 2, 3], [1, 2, 3], [1, 2, 3], [1, 2, 3], [1, 2, 3], [1, 2, 3], [1, 2, 3], [1, 2, 3], [1, 2, 3], [1, 2, 3], [1, 2, 3], [1, 2, 3], [1, 2, 3], [1, 2, 3], [1, 2, 3], [1, 2, 3], [1, 2, 3], [1, 2, 3], [1, 2, 3], [1, 2, 3], [1, 2, 3], [1, 2, 3], [1, 2, 3], [1, 2, 3], [1, 2, 3], [1, 2, 3], [1, 2, 3], [1, 2, 3, 4], [1, 2, 3, 4], [1, 2, 3], [1, 2, 3], [1, 2, 3]];
Operacoes =[[20, 6], [30, 7], [42, 40], [56, 54], [72, 260], [90, 396, 12], [110, 12], [132, 104], [156, 168], [182, 210], [210, 16], [240, 357], [272, 144], [306, 1197], [342, 2340], [380, 3591, 660], [420, 2684], [462, 4830, 72], [506, 3984], [552, 4800], [600, 260], [650, 2268], [702, 9100, 377], [756, 10179, 360], [812, 11340, 403], [870, 12586, 832], [930, 13920, 462], [992, 15345, 5780], [1056, 16864, 11375], [1122, 18480, 324], [1190, 20196, 3552], [1260, 22015, 7676], [1332, 23940, 10764], [1406, 25974, 1000], [1482, 28120, 20623], [1560, 30381, 64260], [1640, 32760, 10965], [1722, 35260, 25036], [1806, 37884, 68895], [1892, 40635, 736], [1980, 43516, 9118], [2070, 46530, 31728], [2162, 49680, 17395], [2256, 52969, 83500], [2352, 56400, 29682], [2450, 59976, 48256], [2550, 63700, 173469], [2652, 67575, 84510], [2756, 71604, 67650], [2862, 75790, 26488], [2970, 80136, 515907], [3080, 84645, 542706], [3192, 89320, 1635480, 120], [3306, 94164, 1755600, 7076], [3422, 99180, 1601189], [3540, 104371, 878292], [3660, 109740, 2023938]];
Tempos_tentados =[[0.000763599993661046, 0.0005551999201998115], [0.0006973999552428722, 0.00045499997213482857], [0.0006246999837458134, 0.0006089000962674618], [0.0006418999982997775, 0.0007955000037327409], [0.0006144000217318535, 0.0010592000326141715], [0.0007087000412866473, 0.001422200002707541, 0.0005121000576764345], [0.0008407999994233251, 0.00041199999395757914], [0.0008691999828442931, 0.0006544999778270721], [0.0007343000033870339, 0.0006882000016048551], [0.0007931999862194061, 0.0006845000898465514], [0.0007329999934881926, 0.0004860999761149287], [0.001001100055873394, 0.0011984999291598797], [0.0008505999576300383, 0.0006644000532105565], [0.0008461000397801399, 0.002028699964284897], [0.0008066000882536173, 0.0034266000147908926], [0.0012524999910965562, 0.005662099923938513, 0.0015970999374985695], [0.001130599994212389, 0.0071835999842733145], [0.0011736999731510878, 0.012213799986056983, 0.0006016000406816602], [0.0011934000067412853, 0.005423900089226663], [0.0015518000582233071, 0.007083000033162534], [0.0013797999126836658, 0.0011169000063091516], [0.0017181000439450145, 0.0035714999539777637], [0.001303600030951202, 0.012246400001458824, 0.0015305000124499202], [0.0017449000151827931, 0.014452900039032102, 0.0014282000483945012], [0.0021806000731885433, 0.01587120001204312, 0.001338499947451055], [0.00205210002604872, 0.017364799976348877, 0.002922500018030405], [0.002230199985206127, 0.019039200036786497, 0.002342800027690828], [0.00227870000526309, 0.02090519992634654, 0.01012809993699193], [0.0021636999445036054, 0.024017799994908273, 0.021161500015296042], [0.003384399926289916, 0.025416000047698617, 0.0014025999698787928], [0.003016900038346648, 0.028804200002923608, 0.005770099931396544], [0.0025268999161198735, 0.030554599943570793, 0.011903499951586127], [0.0025119000347331166, 0.034870299976319075, 0.01776150008663535], [0.0030640000477433205, 0.03656270005740225, 0.0027089999057352543], [0.003844000049866736, 0.039538900018669665, 0.030017100041732192], [0.0035083999391645193, 0.04165720008313656, 0.08777940005529672], [0.003117899992503226, 0.04394749994389713, 0.018188999965786934], [0.0036465999437496066, 0.049714500084519386, 0.04598119994625449], [0.00380169996060431, 0.09825709997676313, 0.10685999994166195], [0.005386700038798153, 0.0591679000062868, 0.0028568999841809273], [0.00347290001809597, 0.08624900004360825, 0.015138200018554926], [0.005687500000931323, 0.07052930002100766, 0.04905040003359318], [0.004726700019091368, 0.0754868999356404, 0.0300586000084877], [0.004539899993687868, 0.07950450002681464, 0.12829300004523247], [0.0043141000205650926, 0.09799949999433011, 0.04660870006773621], [0.004168199957348406, 0.09151139995083213, 0.07260040007531643], [0.004353799973614514, 0.09337939997203648, 0.2565593000035733], [0.004906699992716312, 0.10272429999895394, 0.1333477000007406], [0.0043836000841110945, 0.11126430006697774, 0.1115699999500066], [0.006223300006240606, 0.11743560002651066, 0.04510330001357943], [0.0050660999258980155, 0.124093999969773, 0.7850581000093371], [0.006611199933104217, 0.1312251000199467, 0.8205625999253243], [0.006955099990591407, 0.13684619998093694, 2.5231904999818653, 0.0015865000896155834], [0.0054107001051306725, 0.16193760000169277, 2.686081000021659, 0.012417499907314777], [0.006266599986702204, 0.1751755999866873, 2.4674938999814913], [0.005769900046288967, 0.16401000006590039, 1.3584573999978602], [0.007538600009866059, 0.17317560000810772, 3.1923238000599667]];
N_Configurations =[[5, 1], [6, 1], [7, 5], [8, 6], [9, 26], [10, 37, 1], [11, 1], [12, 8], [13, 12], [14, 14], [15, 1], [16, 21], [17, 8], [18, 63], [19, 117], [20, 172, 30], [21, 122], [22, 211, 3], [23, 166], [24, 192], [25, 10], [26, 84], [27, 326, 13], [28, 352, 12], [29, 379, 13], [30, 407, 26], [31, 436, 14], [32, 466, 170], [33, 497, 325], [34, 529, 9], [35, 562, 96], [36, 596, 202], [37, 631, 276], [38, 667, 25], [39, 704, 503], [40, 742, 1530], [41, 781, 255], [42, 821, 569], [43, 862, 1531], [44, 904, 16], [45, 947, 194], [46, 991, 661], [47, 1036, 355], [48, 1082, 1670], [49, 1129, 582], [50, 1177, 928], [51, 1226, 3273], [52, 1276, 1565], [53, 1327, 1230], [54, 1379, 473], [55, 1432, 9051], [56, 1486, 9357], [57, 1541, 27721, 2], [58, 1597, 29261, 116], [59, 1654, 26249], [60, 1712, 14166], [61, 1771, 32126]];

%Parâmetros correspondentes ao K que retornou solução
Ks_solution =[2, 2, 2, 2, 2, 3, 2, 2, 2, 2, 2, 2, 2, 2, 2, 3, 2, 3, 2, 2, 2, 2, 3, 3, 3, 3, 3, 3, 3, 3, 3, 3, 3, 3, 3, 3, 3, 3, 3, 3, 3, 3, 3, 3, 3, 3, 3, 3, 3, 3, 3, 3, 4, 4, 3, 3, 3];
Operacoes =[6, 7, 40, 54, 260, 12, 12, 104, 168, 210, 16, 357, 144, 1197, 2340, 660, 2684, 72, 3984, 4800, 260, 2268, 377, 360, 403, 832, 462, 5780, 11375, 324, 3552, 7676, 10764, 1000, 20623, 64260, 10965, 25036, 68895, 736, 9118, 31728, 17395, 83500, 29682, 48256, 173469, 84510, 67650, 26488, 515907, 542706, 120, 7076, 1601189, 878292, 2023938];
Tempo =[0.0005551999201998115, 0.00045499997213482857, 0.0006089000962674618, 0.0007955000037327409, 0.0010592000326141715, 0.0005121000576764345, 0.00041199999395757914, 0.0006544999778270721, 0.0006882000016048551, 0.0006845000898465514, 0.0004860999761149287, 0.0011984999291598797, 0.0006644000532105565, 0.002028699964284897, 0.0034266000147908926, 0.0015970999374985695, 0.0071835999842733145, 0.0006016000406816602, 0.005423900089226663, 0.007083000033162534, 0.0011169000063091516, 0.0035714999539777637, 0.0015305000124499202, 0.0014282000483945012, 0.001338499947451055, 0.002922500018030405, 0.002342800027690828, 0.01012809993699193, 0.021161500015296042, 0.0014025999698787928, 0.005770099931396544, 0.011903499951586127, 0.01776150008663535, 0.0027089999057352543, 0.030017100041732192, 0.08777940005529672, 0.018188999965786934, 0.04598119994625449, 0.10685999994166195, 0.0028568999841809273, 0.015138200018554926, 0.04905040003359318, 0.0300586000084877, 0.12829300004523247, 0.04660870006773621, 0.07260040007531643, 0.2565593000035733, 0.1333477000007406, 0.1115699999500066, 0.04510330001357943, 0.7850581000093371, 0.8205625999253243, 0.0015865000896155834, 0.012417499907314777, 2.4674938999814913, 1.3584573999978602, 3.1923238000599667];
N_Configurations =[1, 1, 5, 6, 26, 1, 1, 8, 12, 14, 1, 21, 8, 63, 117, 30, 122, 3, 166, 192, 10, 84, 13, 12, 13, 26, 14, 170, 325, 9, 96, 202, 276, 25, 503, 1530, 255, 569, 1531, 16, 194, 661, 355, 1670, 582, 928, 3273, 1565, 1230, 473, 9051, 9357, 2, 116, 26249, 14166, 32126];
Solutions =[{2, 3}, {2, 3}, {2, 3}, {2, 3}, {0, 2}, {0, 1, 6}, {9, 6}, {9, 6}, {11, 4}, {2, 10}, {10, 2}, {10, 2}, {2, 10}, {2, 10}, {10, 2}, {10, 2, 7}, {2, 10}, {9, 10, 2}, {2, 10}, {2, 10}, {2, 10}, {10, 2}, {8, 9, 3}, {24, 3, 21}, {25, 10, 17}, {17, 19, 9}, {16, 27, 7}, {16, 17, 7}, {9, 26, 19}, {19, 20, 21}, {17, 19, 20}, {24, 17, 25}, {24, 33, 19}, {0, 18, 35}, {33, 19, 23}, {16, 3, 21}, {17, 19, 39}, {0, 35, 12}, {17, 19, 39}, {0, 2, 6}, {17, 19, 39}, {3, 44, 21}, {17, 19, 39}, {16, 17, 7}, {40, 41, 12}, {40, 41, 18}, {40, 41, 22}, {16, 17, 7}, {40, 41, 18}, {40, 41, 22}, {40, 41, 12}, {0, 40, 53}, {0, 19, 12, 53}, {50, 11, 12, 36}, {0, 40, 53}, {40, 0, 53}, {40, 0, 53}];
Check_if_correct =[1, 1, 1, 1, 1, 1, 1, 1, 1, 1, 1, 1, 1, 1, 1, 1, 1, 1, 1, 1, 1, 1, 1, 1, 1, 1, 1, 1, 1, 1, 1, 1, 1, 1, 1, 1, 1, 1, 1, 1, 1, 1, 1, 1, 1, 1, 1, 1, 1, 1, 1, 1, 1, 1, 1, 1, 1];


%Todos os parâmetros
Size =[4, 5, 6, 7, 8, 9, 10, 11, 12, 13, 14, 15, 16, 17, 18, 19, 20, 21, 22, 23, 24, 25, 26, 27, 28, 29, 30, 31, 32, 33, 34, 35, 36, 37, 38, 39, 40, 41, 42, 43, 44, 45, 46, 47, 48, 49, 50, 51, 52, 53, 54, 55, 56, 57, 58, 59, 60]; P =0.75;
Ks_solution =[[1, 2], [1], [1], [1, 2], [1], [1], [1], [1, 2], [1], [1], [1], [1, 2], [1, 2], [1, 2], [1, 2], [1, 2], [1, 2], [1, 2], [1, 2], [1, 2], [1, 2], [1, 2], [1, 2], [1, 2], [1, 2], [1, 2], [1, 2], [1, 2], [1, 2], [1, 2], [1, 2], [1, 2], [1, 2], [1, 2], [1, 2], [1, 2], [1, 2], [1, 2], [1, 2], [1, 2], [1, 2], [1, 2], [1, 2], [1, 2], [1, 2], [1, 2], [1, 2], [1, 2], [1, 2], [1, 2], [1, 2], [1, 2], [1, 2], [1, 2], [1, 2], [1, 2], [1, 2]];
Operacoes =[[20, 6], [30], [21], [56, 9], [36], [40], [44], [132, 13], [39], [70], [135], [240, 17], [272, 72], [306, 76], [342, 60], [380, 21], [420, 132], [462, 69], [506, 192], [552, 25], [600, 234], [650, 135], [702, 560], [756, 29], [812, 780], [870, 279], [930, 1440], [992, 627], [1056, 816], [1122, 315], [1190, 108], [1260, 148], [1332, 1064], [1406, 507], [1482, 80], [1560, 533], [1640, 462], [1722, 516], [1806, 836], [1892, 360], [1980, 184], [2070, 658], [2162, 7200], [2256, 2205], [2352, 5200], [2450, 510], [2550, 364], [2652, 53], [2756, 1134], [2862, 2805], [2970, 1680], [3080, 3192], [3192, 1392], [3306, 118], [3422, 3600], [3540, 6100], [3660, 2728]];
Tempos_tentados =[[0.0008974000811576843, 0.0005105999298393726], [0.0004589000018313527], [0.00047289999201893806], [0.000722800032235682, 0.00039519998244941235], [0.0005275000585243106], [0.0005643999902531505], [0.0006654000608250499], [0.0007888000691309571, 0.0005484001012519002], [0.00047009997069835663], [0.000548599986359477], [0.0006149000255391002], [0.0007594999624416232, 0.00042990001384168863], [0.0011795000173151493, 0.0006416999967768788], [0.0014479999663308263, 0.007884299964644015], [0.001482499996200204, 0.0008319999324157834], [0.0015517999418079853, 0.0005178999854251742], [0.0015521999448537827, 0.0006894000107422471], [0.0021809000754728913, 0.0009420999558642507], [0.0011298999888822436, 0.0007443000795319676], [0.0011285999789834023, 0.0004235999658703804], [0.0012778999516740441, 0.0007820000173524022], [0.00166680000256747, 0.0006715999916195869], [0.001460599945858121, 0.0014387000119313598], [0.0015576001023873687, 0.0004232000792399049], [0.0015388999599963427, 0.0016716999234631658], [0.001833900110796094, 0.0010659999679774046], [0.0023834999883547425, 0.0025493999710306525], [0.0017587000038474798, 0.0013828000519424677], [0.0019460000330582261, 0.0019354999531060457], [0.002055399934761226, 0.0009995000436902046], [0.003398299915716052, 0.0006442999001592398], [0.0024988000513985753, 0.0009683000389486551], [0.002637599944137037, 0.0021472000516951084], [0.0026126999873667955, 0.0017719999887049198], [0.003228900022804737, 0.0007933999877423048], [0.002771900035440922, 0.001340600079856813], [0.004192999913357198, 0.0014957000967115164], [0.003372899955138564, 0.0014831000007689], [0.004396099946461618, 0.002532700076699257], [0.004122700076550245, 0.0011146999895572662], [0.0044593000784516335, 0.001196300028823316], [0.004128400003537536, 0.0020528000313788652], [0.003996700048446655, 0.012461600010283291], [0.00557819998357445, 0.0042764999670907855], [0.004367099958471954, 0.008961199899204075], [0.005219399929046631, 0.0017146999016404152], [0.006417799973860383, 0.0015353000489994884], [0.004885599948465824, 0.0006151999114081264], [0.005058599985204637, 0.003778300015255809], [0.007271699956618249, 0.005430700024589896], [0.005625499994494021, 0.0037725999718531966], [0.005742899957112968, 0.007231099996715784], [0.006011000019498169, 0.0031325999880209565], [0.007258199970237911, 0.0008283000206574798], [0.006721099955029786, 0.027468200074508786], [0.008673999924212694, 0.011369199957698584], [0.007317799958400428, 0.005816700053401291]];
N_Configurations =[[5, 1], [5], [3], [8, 1], [4], [4], [4], [12, 1], [3], [5], [9], [16, 1], [17, 4], [18, 4], [19, 3], [20, 1], [21, 6], [22, 3], [23, 8], [24, 1], [25, 9], [26, 5], [27, 20], [28, 1], [29, 26], [30, 9], [31, 45], [32, 19], [33, 24], [34, 9], [35, 3], [36, 4], [37, 28], [38, 13], [39, 2], [40, 13], [41, 11], [42, 12], [43, 19], [44, 8], [45, 4], [46, 14], [47, 150], [48, 45], [49, 104], [50, 10], [51, 7], [52, 1], [53, 21], [54, 51], [55, 30], [56, 56], [57, 24], [58, 2], [59, 60], [60, 100], [61, 44]];

%Parâmetros correspondentes ao K que retornou solução
Ks_solution =[2, 1, 1, 2, 1, 1, 1, 2, 1, 1, 1, 2, 2, 2, 2, 2, 2, 2, 2, 2, 2, 2, 2, 2, 2, 2, 2, 2, 2, 2, 2, 2, 2, 2, 2, 2, 2, 2, 2, 2, 2, 2, 2, 2, 2, 2, 2, 2, 2, 2, 2, 2, 2, 2, 2, 2, 2];
Operacoes =[6, 30, 21, 9, 36, 40, 44, 13, 39, 70, 135, 17, 72, 76, 60, 21, 132, 69, 192, 25, 234, 135, 560, 29, 780, 279, 1440, 627, 816, 315, 108, 148, 1064, 507, 80, 533, 462, 516, 836, 360, 184, 658, 7200, 2205, 5200, 510, 364, 53, 1134, 2805, 1680, 3192, 1392, 118, 3600, 6100, 2728];
Tempo =[0.0005105999298393726, 0.0004589000018313527, 0.00047289999201893806, 0.00039519998244941235, 0.0005275000585243106, 0.0005643999902531505, 0.0006654000608250499, 0.0005484001012519002, 0.00047009997069835663, 0.000548599986359477, 0.0006149000255391002, 0.00042990001384168863, 0.0006416999967768788, 0.007884299964644015, 0.0008319999324157834, 0.0005178999854251742, 0.0006894000107422471, 0.0009420999558642507, 0.0007443000795319676, 0.0004235999658703804, 0.0007820000173524022, 0.0006715999916195869, 0.0014387000119313598, 0.0004232000792399049, 0.0016716999234631658, 0.0010659999679774046, 0.0025493999710306525, 0.0013828000519424677, 0.0019354999531060457, 0.0009995000436902046, 0.0006442999001592398, 0.0009683000389486551, 0.0021472000516951084, 0.0017719999887049198, 0.0007933999877423048, 0.001340600079856813, 0.0014957000967115164, 0.0014831000007689, 0.002532700076699257, 0.0011146999895572662, 0.001196300028823316, 0.0020528000313788652, 0.012461600010283291, 0.0042764999670907855, 0.008961199899204075, 0.0017146999016404152, 0.0015353000489994884, 0.0006151999114081264, 0.003778300015255809, 0.005430700024589896, 0.0037725999718531966, 0.007231099996715784, 0.0031325999880209565, 0.0008283000206574798, 0.027468200074508786, 0.011369199957698584, 0.005816700053401291];
N_Configurations =[1, 5, 3, 1, 4, 4, 4, 1, 3, 5, 9, 1, 4, 4, 3, 1, 6, 3, 8, 1, 9, 5, 20, 1, 26, 9, 45, 19, 24, 9, 3, 4, 28, 13, 2, 13, 11, 12, 19, 8, 4, 14, 150, 45, 104, 10, 7, 1, 21, 51, 30, 56, 24, 2, 60, 100, 44];
Solutions =[{1, 2}, {2}, {2}, {4, 6}, {7}, {7}, {7}, {8, 3}, {2}, {2}, {2}, {14, 7}, {3, 7}, {9, 15}, {0, 2}, {0, 18}, {13, 6}, {16, 3}, {16, 3}, {0, 9}, {1, 3}, {3, 15}, {2, 13}, {16, 25}, {2, 20}, {0, 16}, {28, 7}, {13, 6}, {0, 27}, {29, 6}, {28, 30}, {32, 9}, {16, 32}, {24, 2}, {0, 16}, {28, 31}, {29, 6}, {0, 27}, {40, 35}, {14, 6}, {32, 9}, {24, 43}, {24, 43}, {3, 7}, {29, 6}, {29, 6}, {34, 28}, {24, 5}, {9, 3}, {8, 47}, {48, 6}, {49, 28}, {1, 28}, {16, 0}, {56, 24}, {8, 47}, {33, 29}];
Check_if_correct =[1, 1, 1, 1, 1, 1, 1, 1, 1, 1, 1, 1, 1, 1, 1, 1, 1, 1, 1, 1, 1, 1, 1, 1, 1, 1, 1, 1, 1, 1, 1, 1, 1, 1, 1, 1, 1, 1, 1, 1, 1, 1, 1, 1, 1, 1, 1, 1, 1, 1, 1, 1, 1, 1, 1, 1, 1];
