###################################################################################################################################################################################################################
Ficheiro de Output - Explicação

Size = Tamanhos de grafos estudados
K = % de vértices para estudar o tamanho do conjunto dominante
P = % de dado 2 vértices existir uma aresta entre eles (parte da package Netwrokx usada para gerar os grafos)

Op_Exustive/Heuristic = nº de operações básicas realizadas para o grafo de tamanho Size(i), dado K e P
Times_Exaustive/Heuristic = tempo de execução para o grafo de tamanho Size(i),dado K e P
N_Solutions_Exaustive/Heuristic = Existência de soluções para o grafo de tamanho Size(i), dado K e P - 1 -> Existe uma solução para um grafo de tamanho Size(i), 0 -> não existe nenhuma solução para um grafo de tamanho Size(i)
N_Configurations_Exaustive/Heuristic = nº de conjuntos analisados para o grafo de tamanho Size(i), dado K e P

###################################################################################################################################################################################################################

Size =[4, 5, 6, 7, 8, 9, 10, 11, 12, 13, 14, 15, 16, 17, 18, 19, 20, 21, 22, 23, 24, 25, 26, 27, 28, 29, 30]; %K =0.125; %P =0.125;
Op_Exaustive =[20, 30, 42, 56, 512, 729, 1000, 1331, 1728, 2197, 2744, 3375, 28800, 36992, 46818, 58482, 72200, 88200, 106722, 128018, 1068672, 1322500, 1622400, 1974375, 2384928, 2861082, 3410400];
Op_Heuristic =[0, 0, 0, 0, 64, 81, 100, 121, 144, 169, 196, 225, 3600, 4352, 5202, 6156, 7220, 8400, 9702, 11132, 133584, 158700, 187200, 219375, 255528, 295974, 341040];
Times_Exaustive =[0.000826600007712841, 0.0006753000197932124, 0.0007098999922163785, 0.0011221999884583056, 0.0017442999815102667, 0.002048599999397993, 0.0026190000062342733, 0.0036194999993313104, 0.003963800001656637, 0.009533799980999902, 0.006709399982355535, 0.009981000010157004, 0.05156990000978112, 0.0600583000050392, 0.0856484999821987, 0.12086639998597093, 0.18408579999231733, 0.2943412000022363, 0.5373053000075743, 0.930238000000827, 3.138841899984982, 4.627555500017479, 8.245858100010082, 16.06635360000655, 29.81164900001022, 56.53619829998934, 111.41497320000781];
Times_Heuristic =[0.00021719999494962394, 0.000520200002938509, 0.0005333999870344996, 0.0009696999914012849, 0.0010486000101082027, 0.0010870000114664435, 0.0009354000212624669, 0.0013140999944880605, 0.0017499999958090484, 0.002643299987539649, 0.0033110000076703727, 0.00560929998755455, 0.015705700003309175, 0.06132179999258369, 0.049579799990169704, 0.09022179999738, 0.16161499998997897, 0.31779100000858307, 0.6187395000015385, 1.289298499992583, 2.6563252999912947, 5.815815499983728, 10.567125700006727, 22.432460500014713, 43.39909140000236, 90.18122560001211, 196.33828399999766];
N_Solutions_Exaustive =[0, 0, 0, 0, 0, 0, 0, 0, 0, 0, 0, 0, 0, 0, 0, 0, 0, 0, 0, 0, 0, 0, 0, 0, 0, 0, 0];
N_Solutions_Heuristic =[0, 0, 0, 0, 0, 0, 0, 0, 0, 0, 0, 0, 0, 0, 0, 0, 0, 0, 0, 0, 0, 0, 0, 0, 0, 0, 0];
N_Configurations_Exaustive =[5, 6, 7, 8, 64, 81, 100, 121, 144, 169, 196, 225, 1800, 2176, 2601, 3078, 3610, 4200, 4851, 5566, 44528, 52900, 62400, 73125, 85176, 98658, 113680];
N_Configurations_Heuristic =[0, 0, 0, 0, 8, 9, 10, 11, 12, 13, 14, 15, 225, 256, 289, 324, 361, 400, 441, 484, 5566, 6348, 7200, 8125, 9126, 10206, 11368];

Size =[4, 5, 6, 7, 8, 9, 10, 11, 12, 13, 14, 15, 16, 17, 18, 19, 20, 21, 22, 23, 24, 25, 26, 27, 28, 29, 30]; %K =0.25; %P =0.125;
Op_Exaustive =[64, 125, 216, 343, 1568, 2592, 4050, 6050, 26400, 40898, 61152, 88725, 378560, 566440, 826200, 1178304, 4961280, 7264593, 10428264, 14704613, 61375776, 88550000, 125705580, 175829940, 20993392, 27871726, 1465776000];
Op_Heuristic =[16, 25, 36, 49, 392, 576, 810, 1100, 6600, 9438, 13104, 17745, 94640, 133280, 183600, 248064, 1240320, 1729665, 2370060, 3196655, 15343944, 21252000, 29008980, 39073320, 182342160, 251285580, 342014400];
Times_Exaustive =[0.0005367999838199466, 0.002255600003991276, 0.0014592999941669405, 0.0012371999910101295, 0.003404000017326325, 0.0036958999990019947, 0.006139600009191781, 0.008871400001225993, 0.033179899997776374, 0.05104299998492934, 0.07420339999953285, 0.10625829998753034, 0.4599787000042852, 0.6676190000143833, 0.9720036000071559, 1.3783895999949891, 5.872266999998828, 8.607297999988077, 13.265608699992299, 17.89882570001646, 75.52687370000058, 111.3225090999913, 162.43750279999222, 231.58617019999656, 27.073420100001385, 35.290084499982186, 2078.9205674999976];
Times_Heuristic =[0.0005110999918542802, 0.0009541999897919595, 0.00105489999987185, 0.0006849000055808574, 0.001572999986819923, 0.0014996000099927187, 0.001868899998953566, 0.0024348000006284565, 0.009398299996973947, 0.01945630001137033, 0.01879259999259375, 0.028551600000355393, 0.12886040000012144, 0.21519340001395904, 0.2485088000248652, 0.3488102999981493, 1.6163041999971028, 2.2366032999998424, 3.314164499985054, 4.920293100003619, 19.931303899997147, 30.427574700006517, 44.50715439999476, 69.07033399998909, 270.3777614000137, 403.86188429998583, 667.0588404999871];
N_Solutions_Exaustive =[0, 0, 0, 0, 0, 0, 0, 0, 0, 0, 0, 0, 0, 0, 0, 0, 0, 0, 0, 0, 0, 0, 0, 0, 1, 1, 0];
N_Solutions_Heuristic =[0, 0, 0, 0, 0, 0, 0, 0, 0, 0, 0, 0, 0, 0, 0, 0, 0, 0, 0, 0, 0, 0, 0, 0, 0, 0, 0];
N_Configurations_Exaustive =[16, 25, 36, 49, 196, 288, 405, 550, 2200, 3146, 4368, 5915, 23660, 33320, 45900, 62016, 248064, 345933, 474012, 639331, 2557324, 3542000, 4834830, 6512220, 749764, 961094, 48859200];
N_Configurations_Heuristic =[4, 5, 6, 7, 49, 64, 81, 100, 550, 726, 936, 1183, 5915, 7840, 10200, 13056, 62016, 82365, 107730, 138985, 639331, 850080, 1115730, 1447160, 6512220, 8665020, 11400480];

Size =[4, 5, 6, 7, 8, 9, 10, 11, 12, 13, 14, 15, 16, 17, 18, 19, 20, 21, 22, 23, 24, 25, 26, 27, 28, 29, 30]; %K =0.5; %P =0.125;
Op_Exaustive =[72, 200, 480, 1225, 2800, 6804, 1010, 2112, 480, 9126, 2086, 3030, 736, 15062, 4068, 5548, 120, 126, 110, 115, 192, 200, 182, 189, 56, 58, 30];
Op_Heuristic =[36, 80, 240, 525, 1400, 3024, 1010, 2112, 480, 9126, 2086, 3030, 736, 15062, 4068, 5548, 120, 126, 110, 115, 192, 200, 182, 189, 56, 58, 30];
Times_Exaustive =[0.0005690999969374388, 0.001006999984383583, 0.0015098000003490597, 0.0023489000159315765, 0.004300800006603822, 0.01178319999598898, 0.002275099977850914, 0.004309399984776974, 0.0017416999908164144, 0.01369740001973696, 0.004311199998483062, 0.00928949998342432, 0.00835019999067299, 0.031732400006148964, 0.047386899997945875, 0.0663689999782946, 0.1143615999899339, 0.19557840001652949, 0.41186730001936667, 0.7249464999767952, 1.6523309999902267, 2.829368400009116, 6.584052699996391, 13.045395100023597, 29.732628900004784, 149.90512199999648, 322.83154810001724];
Times_Heuristic =[0.0005767999973613769, 0.0007909999985713512, 0.0009926000202540308, 0.0015100000018719584, 0.003271800000220537, 0.007979700021678582, 0.002370900008827448, 0.004942999978084117, 0.0017998000257648528, 0.014640999987022951, 0.006331800017505884, 0.0075514999916777015, 0.009058199997525662, 0.034760500013362616, 0.034917799988761544, 0.06750219999230467, 0.1328778000024613, 0.24291850000736304, 0.5087759000016376, 0.8452039000112563, 1.9296352000092156, 3.310839699988719, 8.109151499986183, 14.448488199996063, 33.45225390000269, 78.56349080000655, 377.10491110000294];
N_Solutions_Exaustive =[0, 0, 0, 0, 0, 0, 1, 1, 1, 1, 1, 1, 1, 1, 1, 1, 1, 1, 1, 1, 1, 1, 1, 1, 1, 1, 1];
N_Solutions_Heuristic =[0, 0, 0, 0, 0, 0, 1, 1, 1, 1, 1, 1, 1, 1, 1, 1, 1, 1, 1, 1, 1, 1, 1, 1, 1, 1, 1];
N_Configurations_Exaustive =[18, 40, 80, 175, 350, 756, 101, 192, 40, 702, 149, 202, 46, 886, 226, 292, 6, 6, 5, 5, 8, 8, 7, 7, 2, 2, 1];
N_Configurations_Heuristic =[9, 16, 40, 75, 175, 336, 101, 192, 40, 702, 149, 202, 46, 886, 226, 292, 6, 6, 5, 5, 8, 8, 7, 7, 2, 2, 1];

Size =[4, 5, 6, 7, 8, 9, 10, 11, 12, 13, 14, 15, 16, 17, 18, 19, 20, 21, 22, 23, 24, 25, 26, 27, 28, 29, 30]; %K =0.75; %P =0.125;
Op_Exaustive =[32, 150, 270, 7, 8, 36, 30, 55, 12, 13, 14, 15, 16, 68, 54, 38, 20, 21, 22, 23, 24, 25, 26, 27, 28, 29, 30];
Op_Heuristic =[24, 90, 180, 7, 8, 36, 30, 55, 12, 13, 14, 15, 16, 68, 54, 38, 20, 21, 22, 23, 24, 25, 26, 27, 28, 29, 30];
Times_Exaustive =[0.0003387999895494431, 0.0032933000184129924, 0.0012792999914381653, 0.00043250000453554094, 0.0009497000137344003, 0.0005597000126726925, 0.0011475000064820051, 0.007463799993274733, 0.004025899979751557, 0.0064279999933205545, 0.0070093000249471515, 0.009036800009198487, 0.011981200019363314, 0.03240720002213493, 0.16586839998490177, 0.12051329997484572, 0.35081249999348074, 0.5281379999942146, 1.2445580000057817, 2.706500300002517, 4.747097400017083, 11.759743000002345, 17.966897999984212, 48.33942699999898, 75.96285359998001, 158.4944996999984, 292.03877799998736];
Times_Heuristic =[0.0006547000084538013, 0.0007627999875694513, 0.0036352000024635345, 0.00046510001993738115, 0.001998399995500222, 0.0005889000021852553, 0.0013352000096347183, 0.004360600025393069, 0.0030285000102594495, 0.003707600000780076, 0.010620899993227795, 0.012340599991148338, 0.03206440000212751, 0.038175699999555945, 0.1656856999907177, 0.2137364000082016, 0.42642760000308044, 0.7947879999992438, 1.8346997999760788, 3.7607877000118606, 7.68336259998614, 15.340950599987991, 30.356240699999034, 67.15246459998889, 132.90813799999887, 256.43161619998864, 533.2311410999973];
N_Solutions_Exaustive =[0, 0, 0, 1, 1, 1, 1, 1, 1, 1, 1, 1, 1, 1, 1, 1, 1, 1, 1, 1, 1, 1, 1, 1, 1, 1, 1];
N_Solutions_Heuristic =[0, 0, 0, 1, 1, 1, 1, 1, 1, 1, 1, 1, 1, 1, 1, 1, 1, 1, 1, 1, 1, 1, 1, 1, 1, 1, 1];
N_Configurations_Exaustive =[8, 30, 45, 1, 1, 4, 3, 5, 1, 1, 1, 1, 1, 4, 3, 2, 1, 1, 1, 1, 1, 1, 1, 1, 1, 1, 1];
N_Configurations_Heuristic =[6, 18, 30, 1, 1, 4, 3, 5, 1, 1, 1, 1, 1, 4, 3, 2, 1, 1, 1, 1, 1, 1, 1, 1, 1, 1, 1];

Size =[4, 5, 6, 7, 8, 9, 10, 11, 12, 13, 14, 15, 16, 17, 18, 19, 20, 21, 22, 23, 24, 25, 26, 27, 28, 29, 30]; %K =0.125; %P =0.25;
Op_Exaustive =[20, 30, 42, 56, 512, 729, 1000, 1331, 1728, 2197, 2744, 3375, 28800, 36992, 46818, 58482, 72200, 88200, 106722, 128018, 1068672, 1322500, 1622400, 1974375, 2384928, 2861082, 3410400];
Op_Heuristic =[0, 0, 0, 0, 64, 81, 100, 121, 144, 169, 196, 225, 3600, 4352, 5202, 6156, 7220, 8400, 9702, 11132, 133584, 158700, 187200, 219375, 255528, 295974, 341040];
Times_Exaustive =[0.0011450000165496022, 0.0006470999796874821, 0.0007914000016171485, 0.0006907000206410885, 0.002370000001974404, 0.0022832999820820987, 0.002345300017623231, 0.0032294999982696027, 0.0032076000061351806, 0.004968799999915063, 0.0054549999767914414, 0.010044900001958013, 0.04622750001726672, 0.08156670001335442, 0.12368699998478405, 0.13231159999850206, 0.2469386000011582, 0.42988169999443926, 1.0868992999894544, 1.9890880000020843, 8.80118599999696, 13.744609200017294, 24.296582500013756, 47.892610599985346, 87.1856112999958, 166.9692483000108, 329.464455600013];
Times_Heuristic =[0.0013156000059098005, 0.0008015999919734895, 0.0004579999949783087, 0.0005491000192705542, 0.0008792000007815659, 0.0010591000027488917, 0.0010494000161997974, 0.0015860999992582947, 0.001417299994500354, 0.003175000019837171, 0.0030623000056948513, 0.006608299998333678, 0.02718319999985397, 0.025984800013247877, 0.07227170001715422, 0.10585799999535084, 0.19403760001296178, 0.4073021000076551, 1.0999897999863606, 2.0214944000181276, 8.880906200007303, 16.057175100024324, 34.537947300006635, 61.51587420000578, 133.34121230000164, 270.9701820999908, 538.3350174999796];
N_Solutions_Exaustive =[0, 0, 0, 0, 0, 0, 0, 0, 0, 0, 0, 0, 0, 0, 0, 0, 0, 0, 0, 0, 0, 0, 0, 0, 0, 0, 0];
N_Solutions_Heuristic =[0, 0, 0, 0, 0, 0, 0, 0, 0, 0, 0, 0, 0, 0, 0, 0, 0, 0, 0, 0, 0, 0, 0, 0, 0, 0, 0];
N_Configurations_Exaustive =[5, 6, 7, 8, 64, 81, 100, 121, 144, 169, 196, 225, 1800, 2176, 2601, 3078, 3610, 4200, 4851, 5566, 44528, 52900, 62400, 73125, 85176, 98658, 113680];
N_Configurations_Heuristic =[0, 0, 0, 0, 8, 9, 10, 11, 12, 13, 14, 15, 225, 256, 289, 324, 361, 400, 441, 484, 5566, 6348, 7200, 8125, 9126, 10206, 11368];

Size =[4, 5, 6, 7, 8, 9, 10, 11, 12, 13, 14, 15, 16, 17, 18, 19, 20, 21, 22, 23, 24, 25, 26, 27, 28, 29, 30]; %K =0.25; %P =0.25;
Op_Exaustive =[64, 125, 216, 343, 1568, 2592, 4050, 6050, 26400, 40898, 61152, 88725, 6432, 8143, 10134, 12426, 9960, 12012, 103862, 14704613, 673872, 867100, 1102348, 1386126, 16492, 18531, 20730];
Op_Heuristic =[16, 25, 36, 49, 392, 576, 810, 1100, 6600, 9438, 13104, 17745, 6432, 8143, 10134, 12426, 9960, 12012, 103862, 3196655, 673872, 867100, 1102348, 1386126, 16492, 18531, 20730];
Times_Exaustive =[0.007685799995670095, 0.0007003000064287335, 0.00422549998620525, 0.002157100010663271, 0.008516600006259978, 0.010524300014367327, 0.022401499998522922, 0.017882500018458813, 0.08808539999881759, 0.1245682000007946, 0.24539140000706539, 0.2680183000047691, 0.03449340001679957, 0.04795229999581352, 0.051368100015679374, 0.06139319998328574, 0.10638509999262169, 0.09972460000426508, 0.4478726000234019, 57.658062500006054, 2.7440734000119846, 3.523116399999708, 5.494129200000316, 5.902817799971672, 1.0855002000171226, 1.2991888000105973, 1.4761991999985185];
Times_Heuristic =[0.0011574999953154474, 0.0005645000201184303, 0.005553599999984726, 0.0016016000008676201, 0.0037466000067070127, 0.013788499985821545, 0.0048386999987997115, 0.00680789997568354, 0.03571859997464344, 0.034182700008386746, 0.031837599992286414, 0.10074580000946298, 0.06308439999702387, 0.06031189998611808, 0.06653010001173243, 0.07175110001116991, 0.04547469998942688, 0.08649099999456666, 0.4108130000240635, 16.672344799997518, 2.367310699977679, 3.7679036000045016, 5.016796899988549, 6.978217299998505, 0.7507121999806259, 1.1607129000185523, 1.4251831000146922];
N_Solutions_Exaustive =[0, 0, 0, 0, 0, 0, 0, 0, 0, 0, 0, 0, 1, 1, 1, 1, 1, 1, 1, 0, 1, 1, 1, 1, 1, 1, 1];
N_Solutions_Heuristic =[0, 0, 0, 0, 0, 0, 0, 0, 0, 0, 0, 0, 1, 1, 1, 1, 1, 1, 1, 0, 1, 1, 1, 1, 1, 1, 1];
N_Configurations_Exaustive =[16, 25, 36, 49, 196, 288, 405, 550, 2200, 3146, 4368, 5915, 402, 479, 563, 654, 498, 572, 4721, 639331, 28078, 34684, 42398, 51338, 589, 639, 691];
N_Configurations_Heuristic =[4, 5, 6, 7, 49, 64, 81, 100, 550, 726, 936, 1183, 402, 479, 563, 654, 498, 572, 4721, 138985, 28078, 34684, 42398, 51338, 589, 639, 691];

Size =[4, 5, 6, 7, 8, 9, 10, 11, 12, 13, 14, 15, 16, 17, 18, 19, 20, 21, 22, 23, 24, 25, 26, 27, 28, 29, 30]; %K =0.5; %P =0.25;
Op_Exaustive =[72, 200, 480, 35, 32, 36, 10, 11, 84, 91, 84, 90, 80, 102, 90, 95, 80, 84, 528, 5635, 4296, 5150, 2990, 3510, 280, 290, 270];
Op_Heuristic =[36, 80, 240, 35, 32, 36, 10, 11, 84, 91, 84, 90, 80, 102, 90, 95, 80, 84, 528, 5635, 4296, 5150, 2990, 3510, 280, 290, 270];
Times_Exaustive =[0.0028153000166639686, 0.0020985000010114163, 0.01245579999522306, 0.000454399996669963, 0.0007067999977152795, 0.0012441000144463032, 0.0008233000116888434, 0.0012553999840747565, 0.0012279000075068325, 0.019086700020125136, 0.0026690999802667648, 0.008109700022032484, 0.0194816000002902, 0.02255449999938719, 0.07765599997946993, 0.0928851000207942, 0.28781619999790564, 0.3757105000258889, 0.9966306000133045, 1.7221825999731664, 4.389670299977297, 7.897514100011904, 16.12298500002362, 29.08925449999515, 70.5588754999917, 89.91685199999483, 362.8869439000264];
Times_Heuristic =[0.000451600004453212, 0.0006452000234276056, 0.0070992000109981745, 0.0005591999797616154, 0.004458300012629479, 0.0008875999774318188, 0.0004689999914262444, 0.0015780000248923898, 0.002706600003875792, 0.0022523000079672784, 0.0020086000149603933, 0.013663499994436279, 0.04377420002128929, 0.028192700003273785, 0.06521579998661764, 0.15210549999028444, 0.25665999998454936, 0.43254650000017136, 1.0641119999927469, 1.9316303999803495, 4.65300630001002, 8.766412700002547, 19.403850699978648, 36.48214619999635, 85.41546200000448, 145.65500120000797, 349.13967740000226];
N_Solutions_Exaustive =[0, 0, 0, 1, 1, 1, 1, 1, 1, 1, 1, 1, 1, 1, 1, 1, 1, 1, 1, 1, 1, 1, 1, 1, 1, 1, 1];
N_Solutions_Heuristic =[0, 0, 0, 1, 1, 1, 1, 1, 1, 1, 1, 1, 1, 1, 1, 1, 1, 1, 1, 1, 1, 1, 1, 1, 1, 1, 1];
N_Configurations_Exaustive =[18, 40, 80, 5, 4, 4, 1, 1, 7, 7, 6, 6, 5, 6, 5, 5, 4, 4, 24, 245, 179, 206, 115, 130, 10, 10, 9];
N_Configurations_Heuristic =[9, 16, 40, 5, 4, 4, 1, 1, 7, 7, 6, 6, 5, 6, 5, 5, 4, 4, 24, 245, 179, 206, 115, 130, 10, 10, 9];

Size =[4, 5, 6, 7, 8, 9, 10, 11, 12, 13, 14, 15, 16, 17, 18, 19, 20, 21, 22, 23, 24, 25, 26, 27, 28, 29, 30]; %K =0.75; %P =0.25;
Op_Exaustive =[32, 50, 6, 7, 8, 9, 10, 11, 48, 52, 42, 30, 16, 34, 18, 19, 20, 21, 22, 161, 144, 150, 130, 108, 84, 87, 60];
Op_Heuristic =[24, 90, 6, 7, 8, 9, 10, 11, 48, 52, 42, 30, 16, 34, 18, 19, 20, 21, 22, 161, 144, 150, 130, 108, 84, 87, 60];
Times_Exaustive =[0.00041280000004917383, 0.00044689999776892364, 0.000538699998287484, 0.00044770000386051834, 0.0004139999800827354, 0.0008168000204022974, 0.0006698999786749482, 0.0010899000044446439, 0.0026523999986238778, 0.003082500013988465, 0.005315500020515174, 0.008506299986038357, 0.016721799998776987, 0.024039700016146526, 0.055769700004020706, 0.09536360000493005, 0.2204358999733813, 0.4172453999926802, 1.9915677000244614, 2.647253400005866, 7.165557699976489, 11.241108500020346, 25.830363099987153, 45.63570029998664, 88.07340569997905, 158.35500969999703, 323.0757453000115];
Times_Heuristic =[0.0006127000087872148, 0.000884100008988753, 0.0008694999851286411, 0.0005522999854292721, 0.00089490000391379, 0.0005527999892365187, 0.0007219999970402569, 0.002098700002534315, 0.003913599997758865, 0.004029100004117936, 0.005939599999692291, 0.013741199974901974, 0.024640199990244582, 0.04419049998978153, 0.08117510000010952, 0.1493915000173729, 0.28530550000141375, 0.6469133999780752, 1.6492203999951016, 5.391579499992076, 8.799591999995755, 18.29430089998641, 39.67246349999914, 82.42007279998506, 149.38762100000167, 262.31501130000106, 545.055294699996];
N_Solutions_Exaustive =[0, 1, 1, 1, 1, 1, 1, 1, 1, 1, 1, 1, 1, 1, 1, 1, 1, 1, 1, 1, 1, 1, 1, 1, 1, 1, 1];
N_Solutions_Heuristic =[0, 0, 1, 1, 1, 1, 1, 1, 1, 1, 1, 1, 1, 1, 1, 1, 1, 1, 1, 1, 1, 1, 1, 1, 1, 1, 1];
N_Configurations_Exaustive =[8, 10, 1, 1, 1, 1, 1, 1, 4, 4, 3, 2, 1, 2, 1, 1, 1, 1, 1, 7, 6, 6, 5, 4, 3, 3, 2];
N_Configurations_Heuristic =[6, 18, 1, 1, 1, 1, 1, 1, 4, 4, 3, 2, 1, 2, 1, 1, 1, 1, 1, 7, 6, 6, 5, 4, 3, 3, 2];

Size =[4, 5, 6, 7, 8, 9, 10, 11, 12, 13, 14, 15, 16, 17, 18, 19, 20, 21, 22, 23, 24, 25, 26, 27, 28, 29, 30]; %K =0.125; %P =0.5;
Op_Exaustive =[20, 30, 42, 56, 512, 729, 1000, 1331, 1728, 2197, 2744, 3375, 592, 663, 738, 817, 900, 987, 1078, 1173, 624, 675, 728, 783, 840, 899, 960];
Op_Heuristic =[0, 0, 0, 0, 64, 81, 100, 121, 144, 169, 196, 225, 3600, 4352, 5202, 6156, 7220, 8400, 9702, 11132, 624, 675, 728, 783, 840, 899, 960];
Times_Exaustive =[0.0010402000043541193, 0.0007182999979704618, 0.001667100004851818, 0.002073299983749166, 0.007041899982141331, 0.05512189998989925, 0.012502400000812486, 0.003835300012724474, 0.013345500017749146, 0.021963600011076778, 0.029839900002116337, 0.032487999997101724, 0.0019305000023450702, 0.0037826000188943, 0.006329700001515448, 0.0020386000105645508, 0.0029673000099137425, 0.0168190999829676, 0.003304999991087243, 0.0039013999921735376, 0.003249800007324666, 0.011631500005023554, 0.008417999983066693, 0.008904699992854148, 0.005169999989448115, 0.009104700002353638, 0.011002100014593452];
Times_Heuristic =[0.0008811999869067222, 0.0003479000006336719, 0.0005419999943114817, 0.013654800015501678, 0.010797199996886775, 0.009835399978328496, 0.01043789999675937, 0.007530700007919222, 0.0017667999782133847, 0.016698700026609004, 0.031237500021234155, 0.018279200012329966, 0.04415950001566671, 0.06684310000855476, 0.12405860002036206, 0.39399569999659434, 0.49851820000912994, 0.9243251000007149, 1.9436721999954898, 3.46335150001687, 0.002618600003188476, 0.013336700008949265, 0.01845909998519346, 0.0047747000062372535, 0.014262899989262223, 0.011800400010542944, 0.00937419998808764];
N_Solutions_Exaustive =[0, 0, 0, 0, 0, 0, 0, 0, 0, 0, 0, 0, 1, 1, 1, 1, 1, 1, 1, 1, 1, 1, 1, 1, 1, 1, 1];
N_Solutions_Heuristic =[0, 0, 0, 0, 0, 0, 0, 0, 0, 0, 0, 0, 0, 0, 0, 0, 0, 0, 0, 0, 1, 1, 1, 1, 1, 1, 1];
N_Configurations_Exaustive =[5, 6, 7, 8, 64, 81, 100, 121, 144, 169, 196, 225, 37, 39, 41, 43, 45, 47, 49, 51, 26, 27, 28, 29, 30, 31, 32];
N_Configurations_Heuristic =[0, 0, 0, 0, 8, 9, 10, 11, 12, 13, 14, 15, 225, 256, 289, 324, 361, 400, 441, 484, 26, 27, 28, 29, 30, 31, 32];

Size =[4, 5, 6, 7, 8, 9, 10, 11, 12, 13, 14, 15, 16, 17, 18, 19, 20, 21, 22, 23, 24, 25, 26, 27, 28, 29, 30]; %K =0.25; %P =0.5;
Op_Exaustive =[64, 125, 216, 343, 16, 2592, 350, 297, 36, 39, 42, 45, 32, 34, 72, 76, 20, 21, 22, 23, 24, 25, 26, 27, 28, 29, 30];
Op_Heuristic =[16, 25, 36, 49, 16, 576, 810, 1100, 36, 39, 42, 45, 32, 34, 72, 76, 20, 21, 22, 23, 24, 25, 26, 27, 28, 29, 30];
Times_Exaustive =[0.0011905999854207039, 0.0009569000103510916, 0.004098499979590997, 0.016238699987297878, 0.0003555000002961606, 0.012854999979026616, 0.001289600011659786, 0.006156799994641915, 0.0005005999992135912, 0.0008406999986618757, 0.0006015999824739993, 0.0005440000095404685, 0.002122400008374825, 0.0024990000238176435, 0.0031111000280361623, 0.0017726999940350652, 0.010427900007925928, 0.0492056000221055, 0.026675700006308034, 0.032330599991837516, 0.14516619997448288, 0.11064520000945777, 0.18956230001640506, 0.19942989997798577, 0.871746599994367, 1.1751580000272952, 1.670590900001116];
Times_Heuristic =[0.001073399995220825, 0.0005562999867834151, 0.00048760001664049923, 0.0005408000142779201, 0.0003972999984398484, 0.010259900009259582, 0.016403699992224574, 0.005030599975725636, 0.0004997999931219965, 0.000592800002777949, 0.0006702999817207456, 0.0005632000102195889, 0.006041100015863776, 0.0013252999924588948, 0.0030450000194832683, 0.006494600005680695, 0.008768400002736598, 0.011159999994561076, 0.02811810001730919, 0.006931099982466549, 0.0968187999969814, 0.1187377999885939, 0.12760830001207069, 0.13554660000954755, 0.6383141999831423, 0.8682470999774523, 1.0625044000044];
N_Solutions_Exaustive =[0, 0, 0, 0, 1, 0, 1, 1, 1, 1, 1, 1, 1, 1, 1, 1, 1, 1, 1, 1, 1, 1, 1, 1, 1, 1, 1];
N_Solutions_Heuristic =[0, 0, 0, 0, 1, 0, 0, 0, 1, 1, 1, 1, 1, 1, 1, 1, 1, 1, 1, 1, 1, 1, 1, 1, 1, 1, 1];
N_Configurations_Exaustive =[16, 25, 36, 49, 2, 288, 35, 27, 3, 3, 3, 3, 2, 2, 4, 4, 1, 1, 1, 1, 1, 1, 1, 1, 1, 1, 1];
N_Configurations_Heuristic =[4, 5, 6, 7, 2, 64, 81, 100, 3, 3, 3, 3, 2, 2, 4, 4, 1, 1, 1, 1, 1, 1, 1, 1, 1, 1, 1];

Size =[4, 5, 6, 7, 8, 9, 10, 11, 12, 13, 14, 15, 16, 17, 18, 19, 20, 21, 22, 23, 24, 25, 26, 27, 28, 29, 30]; %K =0.5; %P =0.5;
Op_Exaustive =[4, 10, 6, 7, 8, 18, 10, 11, 12, 13, 14, 15, 16, 17, 18, 19, 20, 21, 22, 23, 24, 25, 26, 27, 28, 29, 30];
Op_Heuristic =[4, 10, 6, 7, 8, 18, 10, 11, 12, 13, 14, 15, 16, 17, 18, 19, 20, 21, 22, 23, 24, 25, 26, 27, 28, 29, 30];
Times_Exaustive =[0.0005317999748513103, 0.0005570999928750098, 0.0008140999998431653, 0.0008405999979004264, 0.0010615000210236758, 0.0008740999910514802, 0.0007502000080421567, 0.0015235999890137464, 0.0016246000013779849, 0.001406199997290969, 0.002223599993158132, 0.006861500005470589, 0.011204300011740997, 0.030114099994534627, 0.08375500002875924, 0.15447420001146384, 0.2521699999924749, 0.4371206999931019, 1.0821056000131648, 1.6736498000100255, 4.36379920001491, 6.9958423000061885, 15.656056899984833, 30.7710892999894, 66.24808469999698, 54.73248160001822, 137.29963289998705];
Times_Heuristic =[0.0004394999996293336, 0.0005348999984562397, 0.0007539000071119517, 0.000721300020813942, 0.0016386000206694007, 0.0007027999963611364, 0.0008302000060211867, 0.001222899998538196, 0.0040453999827150255, 0.0015181999769993126, 0.0021917000121902674, 0.014287800004240125, 0.015492599981371313, 0.020604999997885898, 0.06590570000116713, 0.12308829999528825, 0.29179580000345595, 0.5724367000220809, 1.2171686999790836, 2.2403601999976672, 4.546669000003021, 8.089750299986918, 21.884379800001625, 34.661670200002845, 82.85546009999234, 140.53906680000364, 137.9275662];
N_Solutions_Exaustive =[1, 1, 1, 1, 1, 1, 1, 1, 1, 1, 1, 1, 1, 1, 1, 1, 1, 1, 1, 1, 1, 1, 1, 1, 1, 1, 1];
N_Solutions_Heuristic =[1, 1, 1, 1, 1, 1, 1, 1, 1, 1, 1, 1, 1, 1, 1, 1, 1, 1, 1, 1, 1, 1, 1, 1, 1, 1, 1];
N_Configurations_Exaustive =[1, 2, 1, 1, 1, 2, 1, 1, 1, 1, 1, 1, 1, 1, 1, 1, 1, 1, 1, 1, 1, 1, 1, 1, 1, 1, 1];
N_Configurations_Heuristic =[1, 2, 1, 1, 1, 2, 1, 1, 1, 1, 1, 1, 1, 1, 1, 1, 1, 1, 1, 1, 1, 1, 1, 1, 1, 1, 1];

Size =[4, 5, 6, 7, 8, 9, 10, 11, 12, 13, 14, 15, 16, 17, 18, 19, 20, 21, 22, 23, 24, 25, 26, 27, 28, 29, 30]; %K =0.75; %P =0.5;
Op_Exaustive =[4, 5, 6, 7, 8, 9, 10, 11, 12, 13, 14, 15, 16, 17, 18, 19, 20, 21, 22, 23, 24, 25, 26, 27, 28, 29, 30];
Op_Heuristic =[4, 5, 6, 7, 8, 9, 10, 11, 12, 13, 14, 15, 16, 17, 18, 19, 20, 21, 22, 23, 24, 25, 26, 27, 28, 29, 30];
Times_Exaustive =[0.0006388000037986785, 0.0004765000194311142, 0.0004459999909158796, 0.0004881000204477459, 0.00034679999225772917, 0.0007061000214889646, 0.0006202000076882541, 0.001189600006910041, 0.0015955000126268715, 0.0029378000181168318, 0.004112299997359514, 0.00795040000230074, 0.008508099999744445, 0.013416599977063015, 0.0275578000000678, 0.06077559999539517, 0.13040700001874939, 0.30744639999466017, 0.5681270000059158, 1.1284457999863662, 2.3443742999807, 4.170757299987599, 8.58552900000359, 17.364695899974322, 34.43560480000451, 164.36071219999576, 318.98822270001983];
Times_Heuristic =[0.0009895999974105507, 0.0008004000119399279, 0.0006096000142861158, 0.0007172999903559685, 0.0006126000080257654, 0.000586300011491403, 0.0008254999993368983, 0.0012886000040452927, 0.001416699989931658, 0.0022625999990850687, 0.005776100006187335, 0.006318399973679334, 0.017238699976587668, 0.020282600016798824, 0.047406199999386445, 0.09446959997876547, 0.18426569999428466, 0.40478120002080686, 0.76379279998946, 1.5805371000024024, 3.2913199000176974, 6.925413999997545, 13.263560499995947, 27.60681409999961, 55.23902159999125, 147.6999752999982, 543.9831275000179];
N_Solutions_Exaustive =[1, 1, 1, 1, 1, 1, 1, 1, 1, 1, 1, 1, 1, 1, 1, 1, 1, 1, 1, 1, 1, 1, 1, 1, 1, 1, 1];
N_Solutions_Heuristic =[1, 1, 1, 1, 1, 1, 1, 1, 1, 1, 1, 1, 1, 1, 1, 1, 1, 1, 1, 1, 1, 1, 1, 1, 1, 1, 1];
N_Configurations_Exaustive =[1, 1, 1, 1, 1, 1, 1, 1, 1, 1, 1, 1, 1, 1, 1, 1, 1, 1, 1, 1, 1, 1, 1, 1, 1, 1, 1];
N_Configurations_Heuristic =[1, 1, 1, 1, 1, 1, 1, 1, 1, 1, 1, 1, 1, 1, 1, 1, 1, 1, 1, 1, 1, 1, 1, 1, 1, 1, 1];

Size =[4, 5, 6, 7, 8, 9, 10, 11, 12, 13, 14, 15, 16, 17, 18, 19, 20, 21, 22, 23, 24, 25, 26, 27, 28, 29, 30]; %K =0.125; %P =0.75;
Op_Exaustive =[20, 30, 42, 56, 24, 27, 30, 33, 36, 39, 42, 45, 32, 34, 36, 38, 180, 189, 198, 207, 48, 50, 52, 216, 224, 232, 240];
Op_Heuristic =[0, 0, 0, 0, 64, 81, 100, 121, 144, 169, 196, 225, 32, 34, 36, 38, 180, 189, 198, 207, 48, 50, 52, 216, 224, 232, 240];
Times_Exaustive =[0.0014432000170927495, 0.0006081000028643757, 0.00625239999499172, 0.0015069999790284783, 0.00927490001777187, 0.011222900007851422, 0.0010162999969907105, 0.0011509000032674521, 0.0019089000124949962, 0.0026138999965041876, 0.0021856999956071377, 0.0006629999843426049, 0.0006299999949987978, 0.0006043000030331314, 0.0006363999855238944, 0.0005515000084415078, 0.001062600000295788, 0.001120700006140396, 0.0007646000012755394, 0.0016992999881040305, 0.0018349000019952655, 0.0027735999901778996, 0.004485000012209639, 0.0021505999902728945, 0.003537800017511472, 0.0017520000110380352, 0.005546000000322238];
Times_Heuristic =[0.009814000019105151, 0.0030715999891981483, 0.0007393999840132892, 0.007144399976823479, 0.001129099982790649, 0.00980980001622811, 0.005320299998857081, 0.0024101999879349023, 0.007364799996139482, 0.0025784000172279775, 0.005513399984920397, 0.014325099997222424, 0.0010658000246621668, 0.0005446999857667834, 0.0007171000179369003, 0.0005264999927021563, 0.0026165999879594892, 0.002805399999488145, 0.0024846000014804304, 0.0010083999950438738, 0.0009966999932657927, 0.0045514999947045, 0.0006700999801978469, 0.0016724000161048025, 0.0015700999938417226, 0.001364099996862933, 0.018562299985205755];
N_Solutions_Exaustive =[0, 0, 0, 0, 1, 1, 1, 1, 1, 1, 1, 1, 1, 1, 1, 1, 1, 1, 1, 1, 1, 1, 1, 1, 1, 1, 1];
N_Solutions_Heuristic =[0, 0, 0, 0, 0, 0, 0, 0, 0, 0, 0, 0, 1, 1, 1, 1, 1, 1, 1, 1, 1, 1, 1, 1, 1, 1, 1];
N_Configurations_Exaustive =[5, 6, 7, 8, 3, 3, 3, 3, 3, 3, 3, 3, 2, 2, 2, 2, 9, 9, 9, 9, 2, 2, 2, 8, 8, 8, 8];
N_Configurations_Heuristic =[0, 0, 0, 0, 8, 9, 10, 11, 12, 13, 14, 15, 2, 2, 2, 2, 9, 9, 9, 9, 2, 2, 2, 8, 8, 8, 8];

Size =[4, 5, 6, 7, 8, 9, 10, 11, 12, 13, 14, 15, 16, 17, 18, 19, 20, 21, 22, 23, 24, 25, 26, 27, 28, 29, 30]; %K =0.25; %P =0.75;
Op_Exaustive =[12, 15, 18, 21, 8, 9, 10, 11, 12, 13, 14, 15, 16, 17, 18, 19, 20, 21, 22, 23, 24, 25, 26, 27, 28, 29, 30];
Op_Heuristic =[16, 25, 36, 49, 8, 9, 10, 11, 12, 13, 14, 15, 16, 17, 18, 19, 20, 21, 22, 23, 24, 25, 26, 27, 28, 29, 30];
Times_Exaustive =[0.000514900020789355, 0.002138100011507049, 0.0005954999942332506, 0.003938599984394386, 0.0004769999941345304, 0.006313199992291629, 0.0005055000074207783, 0.0008208999934140593, 0.01040679999277927, 0.000535300001502037, 0.0017875999910756946, 0.0036239000037312508, 0.0021723999816458672, 0.001178500009700656, 0.0069998000108171254, 0.011837800004286692, 0.011849500006064773, 0.01804739999352023, 0.023007000010693446, 0.02972109999973327, 0.14990910000051372, 0.11077210001531057, 0.24898800000664778, 0.20285149998380803, 0.9882474999758415, 1.2990908000210766, 1.5619645999977365];
Times_Heuristic =[0.006349000002956018, 0.004823199997190386, 0.002183699980378151, 0.0018934000108856708, 0.0032299000013154, 0.00689250000868924, 0.0026619999844115227, 0.0009273999894503504, 0.004091000009793788, 0.0004456999886315316, 0.001474700024118647, 0.0009751000034157187, 0.002309700008481741, 0.0008622000168543309, 0.01096389998565428, 0.002477499976521358, 0.0123297999962233, 0.009148199984338135, 0.014724999986356124, 0.02762180002173409, 0.08697870001196861, 0.15377279999665916, 0.10617690000799485, 0.1850368999876082, 0.8314009000023361, 0.9056623000069521, 1.3384385000099428];
N_Solutions_Exaustive =[1, 1, 1, 1, 1, 1, 1, 1, 1, 1, 1, 1, 1, 1, 1, 1, 1, 1, 1, 1, 1, 1, 1, 1, 1, 1, 1];
N_Solutions_Heuristic =[0, 0, 0, 0, 1, 1, 1, 1, 1, 1, 1, 1, 1, 1, 1, 1, 1, 1, 1, 1, 1, 1, 1, 1, 1, 1, 1];
N_Configurations_Exaustive =[3, 3, 3, 3, 1, 1, 1, 1, 1, 1, 1, 1, 1, 1, 1, 1, 1, 1, 1, 1, 1, 1, 1, 1, 1, 1, 1];
N_Configurations_Heuristic =[4, 5, 6, 7, 1, 1, 1, 1, 1, 1, 1, 1, 1, 1, 1, 1, 1, 1, 1, 1, 1, 1, 1, 1, 1, 1, 1];

Size =[4, 5, 6, 7, 8, 9, 10, 11, 12, 13, 14, 15, 16, 17, 18, 19, 20, 21, 22, 23, 24, 25, 26, 27, 28, 29, 30]; %K =0.5; %P =0.75;
Op_Exaustive =[4, 5, 6, 7, 8, 9, 10, 11, 12, 13, 14, 15, 16, 17, 18, 19, 20, 21, 22, 23, 24, 25, 26, 27, 28, 29, 30];
Op_Heuristic =[4, 5, 6, 7, 8, 9, 10, 11, 12, 13, 14, 15, 16, 17, 18, 19, 20, 21, 22, 23, 24, 25, 26, 27, 28, 29, 30];
Times_Exaustive =[0.0004006999952252954, 0.00039739999920129776, 0.0004569999873638153, 0.0007924999808892608, 0.00628950001555495, 0.0009620999917387962, 0.003305299993371591, 0.0016867000085767359, 0.00157200000830926, 0.0014137999969534576, 0.0036151999956928194, 0.00844060000963509, 0.014346999989356846, 0.02458739999565296, 0.07392639998579398, 0.13889929998549633, 0.287339400005294, 0.37980649998644367, 0.9987568999931682, 1.7208411000028718, 4.036443000019062, 7.641251499997452, 15.750262299989117, 31.61789939997834, 71.33330720002414, 148.67560190000222, 315.9402745999978];
Times_Heuristic =[0.00033579999580979347, 0.0003171999996993691, 0.0005172000091988593, 0.00072160002309829, 0.0006494999979622662, 0.0008611000084783882, 0.0007866999949328601, 0.0014438000216614455, 0.0007845000072848052, 0.001361900009214878, 0.006780600000638515, 0.009810600022319704, 0.011872799979755655, 0.02885249999235384, 0.06450509998830967, 0.11793360000592656, 0.21131949999835342, 0.4234310000028927, 1.2085647000058088, 1.8320353000017349, 5.160038500005612, 7.852738500019768, 20.09580760000972, 34.67947770000319, 82.31126700001187, 148.59057159998338, 339.2998472000181];
N_Solutions_Exaustive =[1, 1, 1, 1, 1, 1, 1, 1, 1, 1, 1, 1, 1, 1, 1, 1, 1, 1, 1, 1, 1, 1, 1, 1, 1, 1, 1];
N_Solutions_Heuristic =[1, 1, 1, 1, 1, 1, 1, 1, 1, 1, 1, 1, 1, 1, 1, 1, 1, 1, 1, 1, 1, 1, 1, 1, 1, 1, 1];
N_Configurations_Exaustive =[1, 1, 1, 1, 1, 1, 1, 1, 1, 1, 1, 1, 1, 1, 1, 1, 1, 1, 1, 1, 1, 1, 1, 1, 1, 1, 1];
N_Configurations_Heuristic =[1, 1, 1, 1, 1, 1, 1, 1, 1, 1, 1, 1, 1, 1, 1, 1, 1, 1, 1, 1, 1, 1, 1, 1, 1, 1, 1];

Size =[4, 5, 6, 7, 8, 9, 10, 11, 12, 13, 14, 15, 16, 17, 18, 19, 20, 21, 22, 23, 24, 25, 26, 27, 28, 29, 30]; %K =0.75; %P =0.75;
Op_Exaustive =[4, 5, 6, 7, 8, 9, 10, 11, 12, 13, 14, 15, 16, 17, 18, 19, 20, 21, 22, 23, 24, 25, 26, 27, 28, 29, 30];
Op_Heuristic =[4, 5, 6, 7, 8, 9, 10, 11, 12, 13, 14, 15, 16, 17, 18, 19, 20, 21, 22, 23, 24, 25, 26, 27, 28, 29, 30];
Times_Exaustive =[0.0004008999967481941, 0.0008307999814860523, 0.0004976000054739416, 0.0022991000150796026, 0.0006057000136934221, 0.0005617999995592982, 0.0010119000216946006, 0.0007107999990694225, 0.0017327000095974654, 0.0023970000038389117, 0.005115000007208437, 0.006829199992353097, 0.013227999996161088, 0.054857099981745705, 0.08861619999515824, 0.219960100017488, 0.3690634999948088, 0.7855034999956843, 1.3650690999929793, 2.7924018999910913, 4.667600000015227, 11.883750500011956, 17.925607399985893, 38.97281249999651, 76.64538729999913, 100.05815899997833, 316.7660057999892];
Times_Heuristic =[0.0005960999988019466, 0.0005748999828938395, 0.0059985999832861125, 0.001991600001929328, 0.0014358999906107783, 0.005649099999573082, 0.00846599999931641, 0.0014795000024605542, 0.0021874000085517764, 0.003731000004336238, 0.006852000020444393, 0.013315999996848404, 0.0170710000093095, 0.06506680001621135, 0.15905400001793168, 0.20495109999319538, 0.46032199999899603, 1.0477447000157554, 2.3551639999786858, 4.67190980000305, 8.70127119999961, 16.53861199997482, 30.89008320000721, 64.31091939998441, 128.61714230000507, 257.3258436000033, 529.763354900002];
N_Solutions_Exaustive =[1, 1, 1, 1, 1, 1, 1, 1, 1, 1, 1, 1, 1, 1, 1, 1, 1, 1, 1, 1, 1, 1, 1, 1, 1, 1, 1];
N_Solutions_Heuristic =[1, 1, 1, 1, 1, 1, 1, 1, 1, 1, 1, 1, 1, 1, 1, 1, 1, 1, 1, 1, 1, 1, 1, 1, 1, 1, 1];
N_Configurations_Exaustive =[1, 1, 1, 1, 1, 1, 1, 1, 1, 1, 1, 1, 1, 1, 1, 1, 1, 1, 1, 1, 1, 1, 1, 1, 1, 1, 1];
N_Configurations_Heuristic =[1, 1, 1, 1, 1, 1, 1, 1, 1, 1, 1, 1, 1, 1, 1, 1, 1, 1, 1, 1, 1, 1, 1, 1, 1, 1, 1];
