_%_%_%_%_%_%_%_%_%_%_%_%_%_%_%_%_%_%_%_%_%_%_%_%_%_%_%_%_%_%_%_%_%_%_%_%_%_%_%_%_%_%_%_%_%
Explicação do cabeçalho
Ks -> Tamanho de conjunto dominante com menos operaçõe efetuadas
Operacoes -> Optimal number of operações
Tempo -> Tempo para encontrar o conjunto dominante com menos operações efetuadas
Solutions -> Conjunto dominante com menos operações efetuadas
Check_if_correct -> Verificar se é realmente um conjunto dominante, 1(V) 0(F) -1(se não foi encontrado nenhum set)
Nota: Na divisão -> Parâmetros correspondentes ao K que retornou solução <- caso exista o valor 0 nas variaveis Ks_solutions, Operacoes, Tempo, N_configurations, Solutions quer dizer que não foi encontra nenhuma solução (0 é o valor default) 
Nº de configurações analisadas para cada valor de K = min(N_combinações, 1000);
_%_%_%_%_%_%_%_%_%_%_%_%_%_%_%_%_%_%_%_%_%_%_%_%_%_%_%_%_%_%_%_%_%_%_%_%_%_%_%_%_%_%_%_%_%


%Todos os parâmetros
P =0.125;
Size =[4, 5, 6, 7, 8, 9, 10, 11, 12, 13, 14, 15, 16, 17, 18, 19, 20, 21, 22, 23, 24, 25, 26, 27, 28, 29, 30];
Ks =[[1, 2, 3], [1, 2, 3, 4], [1, 2, 3, 4, 5], [1, 2, 3, 4, 5], [1, 2, 3, 4, 5], [1, 2, 3, 4, 5, 6], [1, 2, 3, 4, 5], [1, 2, 3, 4, 5], [1, 2, 3, 4, 5], [1, 2, 3, 4, 5], [1, 2, 3, 4, 5, 6], [1, 2, 3, 4, 5, 6], [1, 2, 3, 4, 5, 6], [1, 2, 3, 4, 5, 6, 7], [1, 2, 3, 4, 5, 6, 7], [1, 2, 3, 4, 5, 6, 7], [1, 2, 3, 4, 5, 6, 7, 8], [1, 2, 3, 4, 5, 6, 7], [1, 2, 3, 4, 5, 6, 7, 8], [1, 2, 3, 4, 5, 6, 7, 8], [1, 2, 3, 4, 5, 6, 7, 8, 9], [1, 2, 3, 4, 5, 6, 7, 8], [1, 2, 3, 4, 5, 6, 7, 8, 9], [1, 2, 3, 4, 5, 6, 7, 8, 9], [1, 2, 3, 4, 5, 6, 7, 8, 9], [1, 2, 3, 4, 5, 6, 7, 8, 9, 10], [1, 2, 3, 4, 5, 6, 7, 8, 9, 10, 11]];
Operacoes =[[27, 36, 31], [35, 74, 80, 45], [61, 128, 186, 150, 11], [63, 215, 365, 385, 48], [96, 298, 634, 852, 13], [111, 414, 1029, 1650, 1769, 315], [144, 568, 1596, 2952, 840], [148, 773, 2373, 4974, 400], [159, 954, 3375, 7960, 2448], [227, 1216, 4651, 12211, 1026], [221, 1518, 6302, 18084, 19000, 680], [271, 1877, 8316, 19068, 20000, 4935], [320, 2242, 10805, 20060, 21010, 12144], [351, 2670, 13786, 21052, 22000, 23000, 9744], [373, 3184, 17343, 22020, 23000, 24000, 750], [417, 3759, 21582, 23008, 24000, 25000, 13910], [485, 4310, 23243, 24004, 25005, 26000, 27000, 2212], [480, 5004, 24234, 25008, 26000, 27000, 3052], [558, 5706, 25183, 26012, 27000, 28000, 29000, 2490], [603, 6521, 26171, 27004, 28000, 29000, 30000, 26536], [638, 7428, 27129, 28000, 29000, 30000, 31000, 32000, 7425], [729, 8308, 28090, 29004, 30000, 31000, 32000, 18381], [770, 9346, 29081, 30004, 31000, 32000, 33000, 34000, 10675], [849, 10425, 30063, 31000, 32000, 33000, 34000, 35000, 1908], [880, 11640, 31051, 32004, 33000, 34000, 35000, 36000, 14023], [900, 12934, 32045, 33000, 34000, 35000, 36000, 37000, 38000, 2769], [986, 14214, 33084, 34004, 35000, 36000, 37000, 38000, 39000, 40000, 2952]];
Tempos_tentados =[[0.0003087999994022539, 0.0008258000007117516, 0.0006274000006669667], [0.0005710999994334998, 0.0007010999997874023, 0.0009447000002182904, 0.0007181999999374966], [0.0008726999994905782, 0.0008623000003353809, 0.0008428000001003966, 0.0006961999997656676, 0.000449799999842071], [0.0006691999997201492, 0.0011707000003298162, 0.0014666000006400282, 0.0020796999997401144, 0.0007670999993933947], [0.0011659000001600361, 0.0012606999998752144, 0.002649099999871396, 0.0026415999991513672, 0.0005660000006173505], [0.0009577000000717817, 0.0012120000001232256, 0.003617100000155915, 0.006379200000083074, 0.00481229999968491, 0.001402300000336254], [0.0008491999997204402, 0.002494999999726133, 0.005994900000587222, 0.011652199999844015, 0.002375400000346417], [0.0011278000001766486, 0.0019422999994276324, 0.01072569999996631, 0.011217100000067148, 0.0019275999993624282], [0.0011028999997506617, 0.0042344999992565135, 0.009843300000284216, 0.025072899999941, 0.005996900000354799], [0.0014049000001250533, 0.005377700000281038, 0.01681029999963357, 0.044264299999667855, 0.003097100000559294], [0.001358500000606, 0.0040067999998427695, 0.0199572999999873, 0.05555229999936273, 0.049801400000433205, 0.0017888000002130866], [0.0015467000002900022, 0.006718999999975495, 0.027024400000300375, 0.055253699999411765, 0.06616759999997157, 0.009657099999458296], [0.0016505000003235182, 0.00954490000003716, 0.029389899999841873, 0.051784199999929115, 0.05697940000027302, 0.030266699999629054], [0.0014553999999407097, 0.006205099999533559, 0.03402350000033039, 0.05820000000039727, 0.05385939999996481, 0.06984660000034637, 0.028972500000236323], [0.0018923000006907387, 0.008438599999863072, 0.057029399999919406, 0.06579349999992701, 0.06822639999973035, 0.06558180000047287, 0.002626500000587839], [0.0020352000001366832, 0.009773800000402844, 0.05955069999981788, 0.062477100000251085, 0.058893400000670226, 0.061819200000172714, 0.02978530000018509], [0.0014851000005364767, 0.011930100000427046, 0.06170079999992595, 0.06647739999971236, 0.07840920000035112, 0.07595119999950839, 0.0828403999994407, 0.0057916000005207025], [0.0016751000002841465, 0.014539199999489938, 0.06509079999977985, 0.10576140000011947, 0.08288080000056652, 0.09637469999961468, 0.00824689999990369], [0.0017003000002659974, 0.019147200000588782, 0.06352520000018558, 0.0677771999999095, 0.06756399999994755, 0.07097570000041742, 0.07439809999959834, 0.005016999999497784], [0.002232900000308291, 0.01771149999967747, 0.07026919999952952, 0.07019990000026155, 0.06954250000035245, 0.08947400000033667, 0.10939830000006623, 0.07957769999939046], [0.0026520999999775086, 0.019742399999813642, 0.07056130000000849, 0.06953949999933684, 0.07015980000051059, 0.07353699999930541, 0.07446090000030381, 0.0836989999997968, 0.023017299999992247], [0.002829600000040955, 0.017939999999725842, 0.06581009999990783, 0.0774344999999812, 0.0682716999999684, 0.07239120000031107, 0.11745350000001054, 0.05906629999935831], [0.002730300000621355, 0.035123799999382754, 0.07531789999939065, 0.09094290000030014, 0.08577770000010787, 0.07625660000030621, 0.07572170000003098, 0.07602910000059637, 0.0322026999992886], [0.00369940000018687, 0.0350523000006433, 0.07367690000046423, 0.08420529999966675, 0.08682190000035916, 0.08284720000028756, 0.0918031000001065, 0.102739300000394, 0.004655199999433535], [0.0035200999991502613, 0.03626870000061899, 0.08331079999970825, 0.0868784999993295, 0.08627390000037849, 0.10982640000020183, 0.11730420000003505, 0.10838490000060119, 0.03214540000044508], [0.00347799999963172, 0.02577560000008816, 0.08131430000048567, 0.08604860000014014, 0.0798359000000346, 0.0868201000002955, 0.1053063999997903, 0.08780250000017986, 0.08461660000011761, 0.005715299999792478], [0.0023443000000042957, 0.028073899999981222, 0.07916520000071614, 0.08191159999933006, 0.08373029999984283, 0.08355269999992743, 0.11095240000031481, 0.09613480000007257, 0.09375189999991562, 0.11887299999943934, 0.013498100000106206]];
N_Configurations =[[4, 6, 4], [5, 10, 10, 5], [6, 15, 20, 15, 1], [7, 21, 35, 35, 4], [8, 28, 56, 70, 1], [9, 36, 84, 126, 126, 21], [10, 45, 120, 210, 56], [11, 55, 165, 330, 25], [12, 66, 220, 495, 144], [13, 78, 286, 715, 57], [14, 91, 364, 1000, 1000, 34], [15, 105, 455, 1000, 1000, 235], [16, 120, 560, 1000, 1000, 552], [17, 136, 680, 1000, 1000, 1000, 406], [18, 153, 816, 1000, 1000, 1000, 30], [19, 171, 969, 1000, 1000, 1000, 535], [20, 190, 1000, 1000, 1000, 1000, 1000, 79], [21, 210, 1000, 1000, 1000, 1000, 109], [22, 231, 1000, 1000, 1000, 1000, 1000, 83], [23, 253, 1000, 1000, 1000, 1000, 1000, 856], [24, 276, 1000, 1000, 1000, 1000, 1000, 1000, 225], [25, 300, 1000, 1000, 1000, 1000, 1000, 557], [26, 325, 1000, 1000, 1000, 1000, 1000, 1000, 305], [27, 351, 1000, 1000, 1000, 1000, 1000, 1000, 53], [28, 378, 1000, 1000, 1000, 1000, 1000, 1000, 379], [29, 406, 1000, 1000, 1000, 1000, 1000, 1000, 1000, 71], [30, 435, 1000, 1000, 1000, 1000, 1000, 1000, 1000, 1000, 72]];

%Parâmetros correspondentes ao K que retornou solução
Ks_solution =[0, 0, 5, 5, 5, 6, 5, 5, 5, 5, 6, 6, 6, 7, 7, 7, 8, 7, 8, 8, 9, 8, 9, 9, 9, 10, 11];
Operacoes =[0, 0, 11, 48, 13, 315, 840, 400, 2448, 1026, 680, 4935, 12144, 9744, 750, 13910, 2212, 3052, 2490, 26536, 7425, 18381, 10675, 1908, 14023, 2769, 2952];
Tempo =[0, 0, 0.000449799999842071, 0.0007670999993933947, 0.0005660000006173505, 0.001402300000336254, 0.002375400000346417, 0.0019275999993624282, 0.005996900000354799, 0.003097100000559294, 0.0017888000002130866, 0.009657099999458296, 0.030266699999629054, 0.028972500000236323, 0.002626500000587839, 0.02978530000018509, 0.0057916000005207025, 0.00824689999990369, 0.005016999999497784, 0.07957769999939046, 0.023017299999992247, 0.05906629999935831, 0.0322026999992886, 0.004655199999433535, 0.03214540000044508, 0.005715299999792478, 0.013498100000106206];
N_Configurations =[0, 0, 1, 4, 1, 21, 56, 25, 144, 57, 34, 235, 552, 406, 30, 535, 79, 109, 83, 856, 225, 557, 305, 53, 379, 71, 72];
Solutions =[0, 0, {0, 1, 2, 3, 5}, {0, 1, 2, 3, 4}, {0, 1, 2, 3, 4}, {1, 2, 3, 5, 6, 8}, {0, 5, 7, 8, 9}, {0, 5, 7, 8, 9}, {5, 6, 7, 8, 9}, {5, 6, 7, 8, 9}, {0, 4, 6, 7, 8, 9}, {1, 4, 7, 8, 12, 14}, {2, 4, 6, 7, 8, 9}, {2, 4, 7, 8, 11, 12, 14}, {2, 4, 6, 7, 8, 9, 16}, {2, 4, 7, 11, 12, 14, 17}, {2, 5, 6, 7, 8, 13, 16, 17}, {2, 7, 12, 13, 14, 17, 19}, {2, 7, 8, 11, 13, 18, 19, 21}, {3, 11, 13, 15, 17, 18, 19, 21}, {2, 4, 10, 11, 17, 18, 19, 21, 22}, {3, 4, 6, 7, 8, 13, 18, 20}, {4, 5, 6, 10, 15, 17, 18, 22, 25}, {1, 2, 5, 8, 9, 12, 18, 24, 25}, {5, 7, 8, 11, 15, 18, 21, 24, 26}, {0, 2, 3, 4, 5, 6, 10, 17, 18, 28}, {0, 2, 5, 7, 8, 13, 14, 20, 23, 25, 26}];
Check_if_correct =[-1, -1, 1, 1, 1, 1, 1, 1, 1, 1, 1, 1, 1, 1, 1, 1, 1, 1, 1, 1, 1, 1, 1, 1, 1, 1, 1];

%Parâmetros para gráficos
Total_operacoes =[94, 234, 536, 1076, 1893, 5288, 6100, 8668, 14896, 19331, 45805, 54467, 66581, 92603, 90670, 111676, 132259, 110778, 143949, 173835, 192620, 177512, 209876, 208245, 227598, 261648, 310240];
Total_configurations =[14, 30, 57, 102, 163, 402, 441, 586, 937, 1149, 2503, 2810, 3248, 4239, 4017, 4694, 5289, 4340, 5336, 6132, 6525, 5882, 6656, 6431, 6785, 7506, 8537];
Total_time =[0.0017620000007809722, 0.002935099999376689, 0.0037237999995340942, 0.006153299999823503, 0.008283299999675364, 0.01838060000045516, 0.023366700000224228, 0.026940499999000167, 0.04625049999958719, 0.07095430000026681, 0.1324651000004451, 0.1663684999994075, 0.17961560000003374, 0.2525625000007494, 0.2695885000011913, 0.2843347000016365, 0.38458580000042275, 0.3745688999997583, 0.37010470000041096, 0.5084059999999226, 0.4873692999990453, 0.48119689999930415, 0.5501027000000249, 0.5655006000015419, 0.6639129000004687, 0.646713300000556, 0.7919881999996505];


%Todos os parâmetros
P =0.25;
Size =[4, 5, 6, 7, 8, 9, 10, 11, 12, 13, 14, 15, 16, 17, 18, 19, 20, 21, 22, 23, 24, 25, 26, 27, 28, 29, 30];
Ks =[[1, 2, 3], [1, 2, 3], [1, 2, 3, 4], [1, 2, 3], [1, 2, 3], [1, 2, 3, 4], [1, 2, 3], [1, 2, 3], [1, 2, 3, 4, 5], [1, 2, 3, 4], [1, 2, 3, 4], [1, 2, 3, 4], [1, 2, 3, 4], [1, 2, 3, 4], [1, 2, 3, 4], [1, 2, 3, 4], [1, 2, 3, 4], [1, 2, 3, 4, 5], [1, 2, 3, 4, 5, 6], [1, 2, 3, 4, 5, 6, 7], [1, 2, 3, 4, 5, 6, 7], [1, 2, 3, 4, 5, 6], [1, 2, 3, 4, 5, 6, 7], [1, 2, 3, 4, 5, 6, 7], [1, 2, 3, 4, 5, 6], [1, 2, 3, 4, 5], [1, 2, 3, 4, 5, 6]];
Operacoes =[[20, 36, 28], [46, 74, 16], [51, 134, 183, 20], [70, 209, 30], [77, 298, 482], [115, 414, 1041, 91], [144, 572, 802], [141, 747, 14], [199, 960, 3369, 7984, 493], [192, 1246, 4657, 7470], [232, 1532, 6302, 1062], [259, 1873, 8313, 6312], [314, 2258, 10799, 220], [406, 2704, 13828, 8408], [364, 3158, 17379, 1584], [426, 3701, 21609, 1104], [481, 4356, 23270, 10424], [494, 4996, 24192, 25008, 650], [530, 5728, 25186, 26004, 27000, 2492], [576, 6541, 26162, 27008, 28000, 29000, 60], [639, 7378, 27102, 28004, 29000, 30000, 4619], [694, 8334, 28111, 29012, 30000, 9424], [754, 9322, 29087, 30000, 31000, 32000, 3828], [843, 10483, 30090, 31004, 32000, 33000, 4760], [908, 11596, 31075, 32004, 33000, 13328], [931, 12876, 32072, 33000, 11628], [1028, 14264, 33075, 34008, 35000, 13428]];
Tempos_tentados =[[0.0011332000003676512, 0.000566600000638573, 0.0014544999994541286], [0.0008313999996971688, 0.0055063999998310464, 0.003961499999604712], [0.0017058000003089546, 0.0010234999999738648, 0.0016114999998535495, 0.001245299999936833], [0.0012759999999616412, 0.0024343000004591886, 0.0028681999992841156], [0.0009251000001313514, 0.001240700000380457, 0.0018072999992000405], [0.006090099999710219, 0.0023864000004323316, 0.003957900000386871, 0.000987600000371458], [0.0012295000005906331, 0.00293969999984256, 0.004267499999514257], [0.0015157000007093302, 0.002724800000578398, 0.0006301999992501806], [0.001135700000304496, 0.002549100000578619, 0.00798309999936464, 0.019273299999440496, 0.002462999999806925], [0.001394599999912316, 0.003532699999595934, 0.010890500000641623, 0.020986700000321434], [0.0011290000002190936, 0.003670600000077684, 0.022770000000491564, 0.002441700000417768], [0.0010026999998444808, 0.004163799999332696, 0.0191077999998015, 0.013756199999988894], [0.0012287999998079613, 0.00685550000071089, 0.026247099999636703, 0.0012127999998483574], [0.002055599999948754, 0.006335199999739416, 0.034028699999907985, 0.01925870000013674], [0.0017534999997224077, 0.006623100000069826, 0.04699410000011994, 0.003799099999923783], [0.001493099999606784, 0.010371899999881862, 0.058524400000351307, 0.0033317999996143044], [0.001520400000117661, 0.00982209999983752, 0.06241730000056123, 0.022648000000117463], [0.0014693000002807821, 0.011843999999655352, 0.06336689999989176, 0.06798250000065309, 0.0023697000005995505], [0.0024297999998452724, 0.013131200000316312, 0.06744830000025104, 0.0702582000003531, 0.08531919999950333, 0.006152599999950326], [0.001554000000396627, 0.014275900000029651, 0.06944939999993949, 0.08138950000011391, 0.07113570000001346, 0.07638589999987744, 0.0007161999992604251], [0.002631400000609574, 0.01614970000082394, 0.07374340000023949, 0.07281050000074174, 0.07345009999971808, 0.08862700000008772, 0.012199400000099558], [0.002860899999177491, 0.027500500000314787, 0.0726769000002605, 0.08285789999990811, 0.07866480000029696, 0.021652400000675698], [0.002724099999795726, 0.022091799999543582, 0.07415109999965352, 0.12027039999975386, 0.0772835000007035, 0.07545979999940755, 0.008068400000411202], [0.002216500000031374, 0.02359599999999773, 0.07269340000038937, 0.0771100000001752, 0.08248050000020157, 0.08192360000066401, 0.012921199999254895], [0.00236620000032417, 0.02810490000047139, 0.07993710000027932, 0.09135870000045543, 0.09146210000017163, 0.03957609999997658], [0.0035410999998930492, 0.030466799999885552, 0.07715039999948203, 0.07966000000033091, 0.02834140000049956], [0.0028487000008681207, 0.03300290000061068, 0.08119880000049307, 0.08190149999973073, 0.08730739999919024, 0.028587900000275113]];
N_Configurations =[[4, 6, 4], [5, 10, 2], [6, 15, 20, 2], [7, 21, 3], [8, 28, 43], [9, 36, 84, 7], [10, 45, 61], [11, 55, 1], [12, 66, 220, 495, 29], [13, 78, 286, 438], [14, 91, 364, 59], [15, 105, 455, 332], [16, 120, 560, 11], [17, 136, 680, 400], [18, 153, 816, 72], [19, 171, 969, 48], [20, 190, 1000, 434], [21, 210, 1000, 1000, 25], [22, 231, 1000, 1000, 1000, 89], [23, 253, 1000, 1000, 1000, 1000, 2], [24, 276, 1000, 1000, 1000, 1000, 149], [25, 300, 1000, 1000, 1000, 304], [26, 325, 1000, 1000, 1000, 1000, 116], [27, 351, 1000, 1000, 1000, 1000, 140], [28, 378, 1000, 1000, 1000, 392], [29, 406, 1000, 1000, 342], [30, 435, 1000, 1000, 1000, 373]];

%Parâmetros correspondentes ao K que retornou solução
Ks_solution =[0, 3, 4, 3, 3, 4, 3, 3, 5, 4, 4, 4, 4, 4, 4, 4, 4, 5, 6, 7, 7, 6, 7, 7, 6, 5, 6];
Operacoes =[0, 16, 20, 30, 482, 91, 802, 14, 493, 7470, 1062, 6312, 220, 8408, 1584, 1104, 10424, 650, 2492, 60, 4619, 9424, 3828, 4760, 13328, 11628, 13428];
Tempo =[0, 0.003961499999604712, 0.001245299999936833, 0.0028681999992841156, 0.0018072999992000405, 0.000987600000371458, 0.004267499999514257, 0.0006301999992501806, 0.002462999999806925, 0.020986700000321434, 0.002441700000417768, 0.013756199999988894, 0.0012127999998483574, 0.01925870000013674, 0.003799099999923783, 0.0033317999996143044, 0.022648000000117463, 0.0023697000005995505, 0.006152599999950326, 0.0007161999992604251, 0.012199400000099558, 0.021652400000675698, 0.008068400000411202, 0.012921199999254895, 0.03957609999997658, 0.02834140000049956, 0.028587900000275113];
N_Configurations =[0, 2, 2, 3, 43, 7, 61, 1, 29, 438, 59, 332, 11, 400, 72, 48, 434, 25, 89, 2, 149, 304, 116, 140, 392, 342, 373];
Solutions =[0, {2, 3, 4}, {0, 2, 3, 5}, {4, 5, 6}, {0, 5, 6}, {4, 5, 6, 7}, {9, 2, 4}, {9, 2, 4}, {1, 2, 4, 9, 11}, {9, 2, 12, 4}, {9, 2, 12, 13}, {13, 5, 6, 7}, {8, 9, 12, 4}, {8, 9, 12, 13}, {9, 13, 6, 15}, {1, 13, 6, 15}, {9, 13, 6, 15}, {2, 9, 12, 13, 19}, {0, 5, 8, 11, 12, 20}, {0, 6, 9, 12, 15, 21, 22}, {8, 9, 12, 13, 14, 21, 22}, {7, 9, 14, 17, 20, 23}, {1, 3, 14, 15, 18, 21, 23}, {1, 3, 7, 14, 16, 23, 25}, {1, 7, 9, 12, 14, 23}, {0, 3, 6, 15, 27}, {15, 22, 24, 25, 27, 28}];
Check_if_correct =[-1, 1, 1, 1, 1, 1, 1, 1, 1, 1, 1, 1, 1, 1, 1, 1, 1, 1, 1, 1, 1, 1, 1, 1, 1, 1, 1];

%Parâmetros para gráficos
Total_operacoes =[84, 136, 388, 309, 857, 1661, 1518, 902, 13005, 13565, 9128, 16757, 13591, 25346, 22485, 26840, 38531, 55340, 86940, 117347, 126742, 105575, 135991, 142180, 121911, 90507, 130803];
Total_configurations =[14, 17, 43, 31, 79, 136, 116, 67, 822, 815, 528, 907, 707, 1233, 1059, 1207, 1644, 2256, 3342, 4278, 4449, 3629, 4467, 4518, 3798, 2777, 3838];
Total_time =[0.0031543000004603527, 0.010299299999132927, 0.005586100000073202, 0.006578499999704945, 0.003973099999711849, 0.01342200000090088, 0.00843669999994745, 0.004870700000537909, 0.03340419999949518, 0.03680450000047131, 0.03001130000120611, 0.03803049999896757, 0.03554420000000391, 0.0616781999997329, 0.05916979999983596, 0.07372119999945426, 0.09640780000063387, 0.14703240000108053, 0.24473930000021937, 0.314906599999631, 0.3396115000023201, 0.28621340000063356, 0.38004909999926895, 0.35294120000071416, 0.3328051000016785, 0.2191597000000911, 0.31484720000116795];


%Todos os parâmetros
P =0.5;
Size =[4, 5, 6, 7, 8, 9, 10, 11, 12, 13, 14, 15, 16, 17, 18, 19, 20, 21, 22, 23, 24, 25, 26, 27, 28, 29, 30];
Ks =[[1, 2], [1, 2], [1, 2], [1, 2], [1, 2], [1, 2, 3], [1, 2], [1, 2], [1, 2], [1, 2], [1, 2], [1, 2], [1, 2], [1, 2], [1, 2], [1, 2], [1, 2, 3], [1, 2], [1, 2, 3], [1, 2], [1, 2], [1, 2], [1, 2, 3], [1, 2, 3], [1, 2, 3], [1, 2, 3], [1, 2, 3]];
Operacoes =[[21, 6], [34, 7], [48, 32], [64, 54], [87, 84], [98, 428, 60], [116, 84], [143, 335], [176, 430], [196, 332], [220, 668], [278, 618], [292, 1072], [346, 612], [381, 1528], [409, 1561], [480, 4366, 1081], [551, 4825], [546, 5678, 25], [611, 5037], [678, 2598], [714, 6645], [751, 9282, 116], [801, 10443, 240], [889, 11624, 1922], [894, 12936, 704], [1006, 14214, 495]];
Tempos_tentados =[[0.0005484000002979883, 0.0004174999994575046], [0.0006984000001466484, 0.000505400000292866], [0.0006142000002000714, 0.000575600000047416], [0.0005737999999837484, 0.0007181999999374966], [0.0008275000000139698, 0.0007507000000259723], [0.001706000000012864, 0.0016281999996863306, 0.0006725000002916204], [0.0008116999997582752, 0.0008624000001873355], [0.0009606000003259396, 0.001731899999867892], [0.0013051000005361857, 0.0013388000006671064], [0.0011103999995611957, 0.0011894000008396688], [0.001364800000374089, 0.0023857000005591544], [0.0010222999999314197, 0.0020568999998431536], [0.0010757999998531886, 0.0027026999996451195], [0.0012120000001232256, 0.0016492999993715785], [0.00125449999995908, 0.003981099999691651], [0.0014737999999852036, 0.00550199999997858], [0.0016126999998959946, 0.009926600000653707, 0.0028693000003841007], [0.001727799999571289, 0.010481499999514199], [0.0015664000002288958, 0.013653200000590004, 0.0006136000001788489], [0.0022436999997808016, 0.011303299999781302], [0.0019867999999405583, 0.005794900000182679], [0.0019124999998894054, 0.014769200000046112], [0.004979000000275846, 0.02838679999968008, 0.0008104000007733703], [0.0021166999995330116, 0.02376529999946797, 0.0011529000003065448], [0.002295100000083039, 0.026356399999713176, 0.004879199999777484], [0.002233400000477559, 0.029439599999932398, 0.001996599999984028], [0.002693100000215054, 0.03259040000011737, 0.0016880000002856832]];
N_Configurations =[[4, 1], [5, 1], [6, 4], [7, 6], [8, 8], [9, 36, 5], [10, 7], [11, 25], [12, 30], [13, 22], [14, 41], [15, 36], [16, 58], [17, 32], [18, 75], [19, 73], [20, 190, 47], [21, 203], [22, 231, 1], [23, 197], [24, 99], [25, 239], [26, 325, 4], [27, 351, 8], [28, 378, 62], [29, 406, 22], [30, 435, 15]];

%Parâmetros correspondentes ao K que retornou solução
Ks_solution =[2, 2, 2, 2, 2, 3, 2, 2, 2, 2, 2, 2, 2, 2, 2, 2, 3, 2, 3, 2, 2, 2, 3, 3, 3, 3, 3];
Operacoes =[6, 7, 32, 54, 84, 60, 84, 335, 430, 332, 668, 618, 1072, 612, 1528, 1561, 1081, 4825, 25, 5037, 2598, 6645, 116, 240, 1922, 704, 495];
Tempo =[0.0004174999994575046, 0.000505400000292866, 0.000575600000047416, 0.0007181999999374966, 0.0007507000000259723, 0.0006725000002916204, 0.0008624000001873355, 0.001731899999867892, 0.0013388000006671064, 0.0011894000008396688, 0.0023857000005591544, 0.0020568999998431536, 0.0027026999996451195, 0.0016492999993715785, 0.003981099999691651, 0.00550199999997858, 0.0028693000003841007, 0.010481499999514199, 0.0006136000001788489, 0.011303299999781302, 0.005794900000182679, 0.014769200000046112, 0.0008104000007733703, 0.0011529000003065448, 0.004879199999777484, 0.001996599999984028, 0.0016880000002856832];
N_Configurations =[1, 1, 4, 6, 8, 5, 7, 25, 30, 22, 41, 36, 58, 32, 75, 73, 47, 203, 1, 197, 99, 239, 4, 8, 62, 22, 15];
Solutions =[{0, 1}, {0, 2}, {0, 2}, {2, 3}, {2, 3}, {1, 3, 4}, {9, 6}, {9, 10}, {9, 4}, {2, 10}, {10, 2}, {9, 4}, {10, 2}, {10, 2}, {10, 2}, {2, 10}, {9, 19, 4}, {2, 10}, {2, 10, 20}, {2, 10}, {10, 2}, {2, 10}, {9, 19, 4}, {10, 11, 22}, {0, 2, 19}, {19, 10, 2}, {24, 25, 17}];
Check_if_correct =[1, 1, 1, 1, 1, 1, 1, 1, 1, 1, 1, 1, 1, 1, 1, 1, 1, 1, 1, 1, 1, 1, 1, 1, 1, 1, 1];

%Parâmetros para gráficos
Total_operacoes =[27, 41, 80, 118, 171, 586, 200, 478, 606, 528, 888, 896, 1364, 958, 1909, 1970, 5927, 5376, 6249, 5648, 3276, 7359, 10149, 11484, 14435, 14534, 15715];
Total_configurations =[5, 6, 10, 13, 16, 50, 17, 36, 42, 35, 55, 51, 74, 49, 93, 92, 257, 224, 254, 220, 123, 264, 355, 386, 468, 457, 480];
Total_time =[0.0009658999997554929, 0.0012038000004395144, 0.0011898000002474873, 0.001291999999921245, 0.001578200000039942, 0.004006699999990815, 0.0016740999999456108, 0.0026925000001938315, 0.002643900001203292, 0.0022998000004008645, 0.0037505000009332434, 0.0030791999997745734, 0.003778499999498308, 0.002861299999494804, 0.005235599999650731, 0.006975799999963783, 0.014408600000933802, 0.012209299999085488, 0.01583320000099775, 0.013546999999562104, 0.007781700000123237, 0.016681699999935518, 0.034176200000729295, 0.027034899999307527, 0.0335306999995737, 0.033669600000393984, 0.03697150000061811];


%Todos os parâmetros
P =0.75;
Size =[4, 5, 6, 7, 8, 9, 10, 11, 12, 13, 14, 15, 16, 17, 18, 19, 20, 21, 22, 23, 24, 25, 26, 27, 28, 29, 30];
Ks =[[1], [1], [1], [1], [1], [1], [1], [1], [1], [1], [1], [1], [1, 2], [1, 2], [1, 2], [1, 2], [1, 2], [1, 2], [1, 2], [1, 2], [1, 2], [1, 2], [1, 2], [1, 2], [1, 2], [1, 2], [1, 2]];
Operacoes =[[23], [18], [7], [60], [9], [31], [94], [148], [13], [85], [61], [183], [305, 90], [344, 38], [364, 80], [468, 105], [473, 44], [496, 23], [518, 24], [608, 125], [670, 52], [696, 297], [772, 168], [832, 232], [862, 120], [957, 124], [989, 1024]];
Tempos_tentados =[[0.0007975999997142935], [0.0005424999999377178], [0.0004723999991256278], [0.0005228999998507788], [0.0003915999996024766], [0.0005356000001484063], [0.0006888999996590428], [0.0008309000004373956], [0.000520900000083202], [0.0006553000002895715], [0.0006960000000617583], [0.0009804999999687425], [0.0011475999999674968, 0.0009127000002990826], [0.0011830000003101304, 0.0005105999998704647], [0.0012360000000626314, 0.0006757000001016422], [0.0016204000003199326, 0.0009354999992865487], [0.0015681999993830686, 0.0006272999999055173], [0.0023908000002847984, 0.0007603999993079924], [0.0015577999993183766, 0.0006216000001586508], [0.0030953000004956266, 0.0008566999995309743], [0.002089699999487493, 0.0006737999992765253], [0.002582299999630777, 0.0010904999999183929], [0.0023293000003832276, 0.0008908999998311629], [0.002474800000527466, 0.001123800000641495], [0.0023898999997982173, 0.0009443999997529318], [0.002600400000119407, 0.0007746999999653781], [0.0029782999999952153, 0.0025788999992073514]];
N_Configurations =[[4], [3], [1], [7], [1], [3], [8], [11], [1], [6], [4], [11], [16, 5], [17, 2], [18, 4], [19, 5], [20, 2], [21, 1], [22, 1], [23, 5], [24, 2], [25, 11], [26, 6], [27, 8], [28, 4], [29, 4], [30, 32]];

%Parâmetros correspondentes ao K que retornou solução
Ks_solution =[1, 1, 1, 1, 1, 1, 1, 1, 1, 1, 1, 1, 2, 2, 2, 2, 2, 2, 2, 2, 2, 2, 2, 2, 2, 2, 2];
Operacoes =[23, 18, 7, 60, 9, 31, 94, 148, 13, 85, 61, 183, 90, 38, 80, 105, 44, 23, 24, 125, 52, 297, 168, 232, 120, 124, 1024];
Tempo =[0.0007975999997142935, 0.0005424999999377178, 0.0004723999991256278, 0.0005228999998507788, 0.0003915999996024766, 0.0005356000001484063, 0.0006888999996590428, 0.0008309000004373956, 0.000520900000083202, 0.0006553000002895715, 0.0006960000000617583, 0.0009804999999687425, 0.0009127000002990826, 0.0005105999998704647, 0.0006757000001016422, 0.0009354999992865487, 0.0006272999999055173, 0.0007603999993079924, 0.0006216000001586508, 0.0008566999995309743, 0.0006737999992765253, 0.0010904999999183929, 0.0008908999998311629, 0.001123800000641495, 0.0009443999997529318, 0.0007746999999653781, 0.0025788999992073514];
N_Configurations =[4, 3, 1, 7, 1, 3, 8, 11, 1, 6, 4, 11, 5, 2, 4, 5, 2, 1, 1, 5, 2, 11, 6, 8, 4, 4, 32];
Solutions =[{2}, {2}, {2}, {2}, {7}, {7}, {7}, {2}, {2}, {2}, {2}, {2}, {3, 7}, {16, 6}, {16, 5}, {9, 17}, {14, 6}, {2, 20}, {16, 21}, {14, 15}, {16, 0}, {16, 15}, {24, 15}, {19, 14}, {16, 21}, {3, 7}, {16, 0}];
Check_if_correct =[1, 1, 1, 1, 1, 1, 1, 1, 1, 1, 1, 1, 1, 1, 1, 1, 1, 1, 1, 1, 1, 1, 1, 1, 1, 1, 1];

%Parâmetros para gráficos
Total_operacoes =[23, 18, 7, 60, 9, 31, 94, 148, 13, 85, 61, 183, 395, 382, 444, 573, 517, 519, 542, 733, 722, 993, 940, 1064, 982, 1081, 2013];
Total_configurations =[4, 3, 1, 7, 1, 3, 8, 11, 1, 6, 4, 11, 21, 19, 22, 24, 22, 22, 23, 28, 26, 36, 32, 35, 32, 33, 62];
Total_time =[0.0007975999997142935, 0.0005424999999377178, 0.0004723999991256278, 0.0005228999998507788, 0.0003915999996024766, 0.0005356000001484063, 0.0006888999996590428, 0.0008309000004373956, 0.000520900000083202, 0.0006553000002895715, 0.0006960000000617583, 0.0009804999999687425, 0.0020603000002665794, 0.001693600000180595, 0.0019117000001642737, 0.0025558999996064813, 0.002195499999288586, 0.003151199999592791, 0.0021793999994770274, 0.003952000000026601, 0.0027634999987640185, 0.00367279999954917, 0.0032202000002143905, 0.003598600001168961, 0.003334299999551149, 0.0033751000000847853, 0.005557199999202567];
