_%_%_%_%_%_%_%_%_%_%_%_%_%_%_%_%_%_%_%_%_%_%_%_%_%_%_%_%_%_%_%_%_%_%_%_%_%_%_%_%_%_%_%_%_%
Explicação do cabeçalho
Ks -> Tamanho de conjunto dominante com menos operaçõe efetuadas
Operacoes -> Optimal number of operações
Tempo -> Tempo para encontrar o conjunto dominante com menos operações efetuadas
Solutions -> Conjunto dominante com menos operações efetuadas
Check_if_correct -> Verificar se é realmente um conjunto dominante, 1(V) 0(F) -1(se não foi encontrado nenhum set)
Nota: Na divisão -> Parâmetros correspondentes ao K que retornou solução <- caso exista o valor 0 nas variaveis Ks_solutions, Operacoes, Tempo, N_configurations, Solutions quer dizer que não foi encontra nenhuma solução (0 é o valor default) 
Nº de configurações analisadas para cada valor de K = min(N_combinações, 100);
_%_%_%_%_%_%_%_%_%_%_%_%_%_%_%_%_%_%_%_%_%_%_%_%_%_%_%_%_%_%_%_%_%_%_%_%_%_%_%_%_%_%_%_%_%


%Todos os parâmetros
P =0.125;
Size =[4, 5, 6, 7, 8, 9, 10, 11, 12, 13, 14, 15, 16, 17, 18, 19, 20, 21, 22, 23, 24, 25, 26, 27, 28, 29, 30];
Ks =[[1, 2, 3], [1, 2, 3, 4], [1, 2, 3, 4, 5], [1, 2, 3, 4, 5], [1, 2, 3, 4, 5], [1, 2, 3, 4, 5, 6], [1, 2, 3, 4, 5], [1, 2, 3, 4, 5], [1, 2, 3, 4, 5, 6], [1, 2, 3, 4, 5, 6], [1, 2, 3, 4, 5, 6, 7], [1, 2, 3, 4, 5, 6, 7], [1, 2, 3, 4, 5, 6, 7], [1, 2, 3, 4, 5, 6, 7, 8], [1, 2, 3, 4, 5, 6, 7], [1, 2, 3, 4, 5, 6, 7, 8], [1, 2, 3, 4, 5, 6, 7, 8], [1, 2, 3, 4, 5, 6, 7, 8], [1, 2, 3, 4, 5, 6, 7, 8], [1, 2, 3, 4, 5, 6, 7, 8], [1, 2, 3, 4, 5, 6, 7, 8, 9], [1, 2, 3, 4, 5, 6, 7, 8, 9, 10, 11], [1, 2, 3, 4, 5, 6, 7, 8], [1, 2, 3, 4, 5, 6, 7, 8, 9, 10, 11], [1, 2, 3, 4, 5, 6, 7, 8, 9, 10, 11], [1, 2, 3, 4, 5, 6, 7, 8, 9, 10], [1, 2, 3, 4, 5, 6, 7, 8, 9, 10, 11]];
Operacoes =[[27, 36, 31], [35, 74, 80, 45], [61, 128, 186, 150, 11], [63, 215, 365, 385, 48], [96, 298, 634, 852, 13], [111, 414, 1029, 1312, 1405, 210], [118, 570, 1321, 1404, 285], [178, 759, 1430, 1500, 368], [184, 960, 1521, 1600, 1700, 810], [219, 1208, 1612, 1700, 1800, 57], [257, 1484, 1703, 1804, 1900, 2000, 441], [278, 1792, 1803, 1900, 2000, 2100, 1386], [287, 1844, 1906, 2000, 2100, 2200, 759], [357, 1962, 2000, 2100, 2200, 2300, 2400, 500], [380, 2044, 2100, 2200, 2300, 2400, 2425], [406, 2150, 2200, 2300, 2400, 2500, 2600, 594], [484, 2234, 2306, 2400, 2500, 2600, 2700, 2072], [496, 2326, 2406, 2500, 2600, 2700, 2800, 2668], [562, 2420, 2500, 2600, 2700, 2800, 2900, 1140], [587, 2520, 2600, 2700, 2800, 2900, 3000, 1860], [654, 2616, 2700, 2800, 2900, 3000, 3100, 3200, 2970], [807, 2708, 2800, 2900, 3000, 3100, 3200, 3300, 3400, 3500, 972], [718, 2814, 2900, 3000, 3100, 3200, 3300, 2448], [821, 2916, 3000, 3100, 3200, 3300, 3400, 3500, 3600, 3700, 1292], [869, 3018, 3100, 3200, 3300, 3400, 3500, 3600, 3700, 3800, 234], [939, 3106, 3200, 3300, 3400, 3500, 3600, 3700, 3800, 1131], [1083, 3210, 3300, 3400, 3500, 3600, 3700, 3800, 3900, 4000, 2009]];
Tempos_tentados =[[0.0006696000000374625, 0.0006078999995224876, 0.0008367000000362168], [0.0010521000003791414, 0.0008496999998897081, 0.0009188000003632624, 0.0007794000002832036], [0.0008155999994414742, 0.0009271999997508829, 0.0011125999999421765, 0.00116859999980079, 0.0005264000001261593], [0.0004658999996536295, 0.0012126999999964028, 0.0012484999997468549, 0.0014253999997890787, 0.0011958000004597125], [0.0011311999996905797, 0.001444900000024063, 0.0018006999998760875, 0.0034737000005407026, 0.0005645999999615015], [0.0011319999994157115, 0.0013741000002482906, 0.004354600000624487, 0.004746800000248186, 0.0029285999999046908, 0.0008190999997168547], [0.0007674999997107079, 0.0016809999997349223, 0.0042837999999392196, 0.005092200000035518, 0.001000199999907636], [0.001504900000327325, 0.0017268000001422479, 0.0030114000001049135, 0.0029064000000289525, 0.0011231999997107778], [0.0007567000002381974, 0.004044599999360798, 0.003333999999995285, 0.0032985999996526516, 0.008867100000315986, 0.0026619999998729327], [0.001440099999854283, 0.002964100000099279, 0.00477720000071713, 0.004528299999947194, 0.004416200000378012, 0.0005499999997482519], [0.0016048999996201019, 0.0036121000002822257, 0.0042632000004232395, 0.01319100000000617, 0.010202899999967485, 0.003869000000122469, 0.0016581999998379615], [0.0012117999995098216, 0.00713750000068103, 0.00788970000030531, 0.004213799999888579, 0.003907600000275124, 0.004151500000261876, 0.0026630000002114684], [0.0010922999999820604, 0.0036895000002914458, 0.0038580000000365544, 0.004234399999404559, 0.004008600000815932, 0.004147900000134541, 0.0016983000004984206], [0.0016022999998313026, 0.003935200000341865, 0.003912700000000768, 0.004341500000009546, 0.004372700000203622, 0.004617999999936728, 0.004554399999506131, 0.0015574999997625127], [0.0013744999996561091, 0.004061499999806983, 0.00427399999989575, 0.004640999999537598, 0.004976399999577552, 0.0050940999999511405, 0.004765899999256362], [0.001224499999807449, 0.004307199999857403, 0.0046689999999216525, 0.005085699999654025, 0.00536880000072415, 0.005173800000193296, 0.005044900000029884, 0.001541200000247045], [0.0014697999995405553, 0.004891000000498025, 0.004763300000377058, 0.004789600000549399, 0.005050499999924796, 0.0051461000002746005, 0.005594700000074226, 0.00413250000019616], [0.0015563999995720224, 0.004668600000513834, 0.004643599999326398, 0.005183899999792629, 0.005318999999872176, 0.0058019999996759, 0.005747700000028999, 0.005346500000086962], [0.0016476000000693602, 0.0047844000000623055, 0.005100100000163366, 0.006163199999718927, 0.005456800000501971, 0.006548999999722582, 0.005669099999977334, 0.002668499999344931], [0.0015435000004799804, 0.004976399999577552, 0.005062199999883887, 0.005745600000409468, 0.005768899999566202, 0.0067882000003010035, 0.007257700000081968, 0.003676899999845773], [0.0015846999995119404, 0.004994900000383495, 0.005288199999995413, 0.006102199999986624, 0.005715299999792478, 0.006045699999958742, 0.0063396000005013775, 0.006255999999666528, 0.005721199999243254], [0.003258800000367046, 0.0051966999999422114, 0.005459500000142725, 0.0067778000002363115, 0.005836199999976088, 0.006574599999112252, 0.006865000000289001, 0.006785499999750755, 0.006801599999562313, 0.012952400000358466, 0.0037542000000030384], [0.003073400000175752, 0.007334900000387279, 0.005725600000005215, 0.006434199999603152, 0.006670899999335234, 0.006261100000301667, 0.009643700000196986, 0.004871300000559131], [0.0020129999993514502, 0.005596000000878121, 0.0062958000007711235, 0.006243100000574486, 0.006698500000311469, 0.007028800000625779, 0.006688899999971909, 0.0068518000007316004, 0.007346700000198325, 0.007667500000025029, 0.002770099999906961], [0.0020555000000967993, 0.005892799999855924, 0.006719799999700626, 0.006365399999594956, 0.007007899999734946, 0.0076236999993852805, 0.007379100000434846, 0.007688699999562232, 0.01079929999923479, 0.007978799999364128, 0.0009945000001607696], [0.00217510000038601, 0.006014300000060757, 0.006382700000358454, 0.007555099999990489, 0.006684899999527261, 0.007893199999671197, 0.0141103000005387, 0.007411300000057963, 0.008533100000022387, 0.004835900000216498], [0.002949800000351388, 0.00863139999910345, 0.006888200000503275, 0.007241799999974319, 0.008109299999887298, 0.01462100000026112, 0.007735500000308093, 0.010038400000667025, 0.012864100000115286, 0.007680900000195834, 0.007075399999848742]];
N_Configurations =[[4, 6, 4], [5, 10, 10, 5], [6, 15, 20, 15, 1], [7, 21, 35, 35, 4], [8, 28, 56, 70, 1], [9, 36, 84, 100, 100, 14], [10, 45, 100, 100, 19], [11, 55, 100, 100, 23], [12, 66, 100, 100, 100, 45], [13, 78, 100, 100, 100, 3], [14, 91, 100, 100, 100, 100, 21], [15, 100, 100, 100, 100, 100, 63], [16, 100, 100, 100, 100, 100, 33], [17, 100, 100, 100, 100, 100, 100, 20], [18, 100, 100, 100, 100, 100, 97], [19, 100, 100, 100, 100, 100, 100, 22], [20, 100, 100, 100, 100, 100, 100, 74], [21, 100, 100, 100, 100, 100, 100, 92], [22, 100, 100, 100, 100, 100, 100, 38], [23, 100, 100, 100, 100, 100, 100, 60], [24, 100, 100, 100, 100, 100, 100, 100, 90], [25, 100, 100, 100, 100, 100, 100, 100, 100, 100, 27], [26, 100, 100, 100, 100, 100, 100, 72], [27, 100, 100, 100, 100, 100, 100, 100, 100, 100, 34], [28, 100, 100, 100, 100, 100, 100, 100, 100, 100, 6], [29, 100, 100, 100, 100, 100, 100, 100, 100, 29], [30, 100, 100, 100, 100, 100, 100, 100, 100, 100, 49]];

%Parâmetros correspondentes ao K que retornou solução
Ks_solution =[0, 0, 5, 5, 5, 6, 5, 5, 6, 6, 7, 7, 7, 8, 7, 8, 8, 8, 8, 8, 9, 11, 8, 11, 11, 10, 11];
Operacoes =[0, 0, 11, 48, 13, 210, 285, 368, 810, 57, 441, 1386, 759, 500, 2425, 594, 2072, 2668, 1140, 1860, 2970, 972, 2448, 1292, 234, 1131, 2009];
Tempo =[0, 0, 0.0005264000001261593, 0.0011958000004597125, 0.0005645999999615015, 0.0008190999997168547, 0.001000199999907636, 0.0011231999997107778, 0.0026619999998729327, 0.0005499999997482519, 0.0016581999998379615, 0.0026630000002114684, 0.0016983000004984206, 0.0015574999997625127, 0.004765899999256362, 0.001541200000247045, 0.00413250000019616, 0.005346500000086962, 0.002668499999344931, 0.003676899999845773, 0.005721199999243254, 0.0037542000000030384, 0.004871300000559131, 0.002770099999906961, 0.0009945000001607696, 0.004835900000216498, 0.007075399999848742];
N_Configurations =[0, 0, 1, 4, 1, 14, 19, 23, 45, 3, 21, 63, 33, 20, 97, 22, 74, 92, 38, 60, 90, 27, 72, 34, 6, 29, 49];
Solutions =[0, 0, {0, 1, 2, 3, 5}, {0, 1, 2, 3, 4}, {0, 1, 2, 3, 4}, {1, 2, 3, 5, 6, 8}, {0, 3, 5, 8, 9}, {0, 4, 7, 8, 9}, {2, 4, 6, 7, 8, 11}, {5, 6, 7, 8, 9, 12}, {2, 4, 5, 6, 7, 8, 11}, {1, 2, 5, 6, 7, 8, 10}, {1, 2, 5, 7, 8, 12, 14}, {0, 2, 4, 7, 8, 11, 12, 16}, {1, 4, 7, 12, 14, 15, 17}, {4, 5, 7, 12, 14, 15, 17, 18}, {1, 5, 6, 7, 8, 11, 14, 15}, {1, 2, 5, 6, 7, 8, 16, 19}, {1, 2, 4, 6, 7, 8, 13, 14}, {0, 2, 5, 6, 7, 17, 18, 19}, {3, 6, 8, 13, 15, 18, 19, 21, 22}, {2, 4, 5, 6, 7, 8, 12, 13, 15, 16, 22}, {2, 6, 7, 8, 13, 16, 19, 22}, {1, 4, 6, 12, 16, 17, 19, 20, 23, 25, 26}, {5, 6, 8, 9, 10, 13, 16, 17, 20, 21, 22}, {3, 5, 6, 7, 8, 10, 13, 15, 18, 28}, {2, 4, 5, 6, 8, 10, 11, 17, 18, 22, 28}];
Check_if_correct =[-1, -1, 1, 1, 1, 1, 1, 1, 1, 1, 1, 1, 1, 1, 1, 1, 1, 1, 1, 1, 1, 1, 1, 1, 1, 1, 1];

%Parâmetros para gráficos
Total_operacoes =[94, 234, 536, 1076, 1893, 4481, 3698, 4235, 6775, 6596, 9589, 11259, 11096, 13819, 13849, 15150, 17296, 18496, 17622, 18967, 23940, 29687, 21480, 31829, 31721, 29676, 35502];
Total_configurations =[14, 30, 57, 102, 163, 343, 274, 289, 423, 394, 526, 578, 549, 637, 615, 641, 694, 713, 660, 683, 814, 952, 698, 961, 934, 858, 979];
Total_time =[0.002114199999596167, 0.0036000000009153155, 0.004550399999061483, 0.005548299999645678, 0.008415100000092934, 0.01535520000015822, 0.012824699999328004, 0.010272700000314217, 0.02296299999943585, 0.01867590000074415, 0.03840130000025965, 0.03117490000113321, 0.022729000001163513, 0.028894299999592477, 0.029187399997681496, 0.032415100000434904, 0.03583750000143482, 0.03826769999886892, 0.03803869999956078, 0.040819400000145833, 0.04804779999903985, 0.07026229999974021, 0.050015100000564416, 0.06520020000334625, 0.0705054999971253, 0.07159590000082972, 0.09383580000121583];


%Todos os parâmetros
P =0.25;
Size =[4, 5, 6, 7, 8, 9, 10, 11, 12, 13, 14, 15, 16, 17, 18, 19, 20, 21, 22, 23, 24, 25, 26, 27, 28, 29, 30];
Ks =[[1, 2, 3], [1, 2, 3, 4], [1, 2, 3, 4], [1, 2, 3], [1, 2, 3], [1, 2, 3, 4], [1, 2, 3, 4], [1, 2, 3, 4], [1, 2, 3, 4, 5], [1, 2, 3, 4], [1, 2, 3, 4], [1, 2, 3, 4], [1, 2, 3, 4], [1, 2, 3, 4], [1, 2, 3, 4], [1, 2, 3, 4, 5], [1, 2, 3, 4], [1, 2, 3, 4, 5, 6], [1, 2, 3, 4, 5, 6], [1, 2, 3, 4, 5, 6, 7, 8], [1, 2, 3, 4, 5, 6, 7], [1, 2, 3, 4, 5, 6, 7, 8], [1, 2, 3, 4, 5, 6], [1, 2, 3, 4, 5, 6, 7], [1, 2, 3, 4, 5, 6, 7, 8], [1, 2, 3, 4, 5, 6, 7], [1, 2, 3, 4, 5, 6, 7]];
Operacoes =[[30, 36, 31], [40, 84, 83, 36], [51, 124, 180, 30], [66, 199, 80], [84, 308, 132], [98, 412, 1023, 130], [143, 588, 1318, 56], [153, 759, 1421, 90], [191, 1004, 1509, 1600, 119], [203, 1226, 1606, 769], [251, 1522, 1709, 1476], [256, 1788, 1806, 969], [303, 1860, 1900, 280], [350, 1966, 2006, 588], [424, 2038, 2100, 1276], [418, 2130, 2200, 2300, 48], [454, 2238, 2303, 1344], [488, 2334, 2406, 2500, 2600, 1458], [553, 2428, 2500, 2600, 2700, 1456], [648, 2534, 2606, 2700, 2800, 2900, 3000, 248], [630, 2616, 2700, 2800, 2900, 3000, 279], [726, 2726, 2800, 2900, 3000, 3100, 3200, 990], [758, 2824, 2900, 3000, 3100, 1152], [823, 2922, 3003, 3100, 3200, 3300, 3366], [872, 3006, 3100, 3200, 3300, 3400, 3500, 252], [969, 3110, 3200, 3300, 3400, 3500, 2844], [1191, 3220, 3300, 3400, 3500, 3600, 703]];
Tempos_tentados =[[0.0006364000000758097, 0.0007406999993690988, 0.0006419000001187669], [0.0006937999996807775, 0.0007982999995874707, 0.0011275000006207847, 0.0006688000003123307], [0.0007391999997707899, 0.0009435000001758453, 0.0010725000001912122, 0.0005347999995137798], [0.0007296000003407244, 0.001288100000238046, 0.0007863999999244697], [0.0006475000000136788, 0.0012020000003758469, 0.0009208999999827938], [0.0008981999999377877, 0.001395599999341357, 0.0023547000000689877, 0.0006905000000188011], [0.0007198000002972549, 0.0027331999999660184, 0.0035165999997843755, 0.0006920000005266047], [0.002530300000216812, 0.007396700000754208, 0.0032166000000870554, 0.0006023000005370704], [0.0017451000003347872, 0.0023550000005343463, 0.006506900000204041, 0.0033162999998239684, 0.0006885999991936842], [0.0008662999998705345, 0.002763299999969604, 0.0036078000002817134, 0.0018835999999282649], [0.0009463999995205086, 0.00485949999983859, 0.0035839000001942622, 0.0032419999997728155], [0.0011040999997931067, 0.004025600000204577, 0.003721100000802835, 0.002405899999757821], [0.0015788999999131192, 0.004132099999878847, 0.0042501999996602535, 0.0009812000007514143], [0.0011282999994364218, 0.004280699999981152, 0.004104899999219924, 0.0014651999999841792], [0.0015962000006766175, 0.004804899999726331, 0.004533199999968929, 0.0031008999994810438], [0.0012157000001025153, 0.00421360000018467, 0.004799399999683374, 0.00692700000035984, 0.0006432999998651212], [0.0012100000003556488, 0.005236299999523908, 0.004944599999362254, 0.0035930000003645546], [0.0018691999994189246, 0.004730300000119314, 0.005190400000174122, 0.011178200000358629, 0.006533299999318842, 0.004621600000064063], [0.002764200000456185, 0.00609219999932975, 0.006062000000383705, 0.00667539999994915, 0.005902200000491575, 0.003975699999500648], [0.0021058000002085464, 0.0049866999997902894, 0.006168100000650156, 0.005433199999970384, 0.005720799999835435, 0.005912200000238954, 0.005776800000603544, 0.0009717000002638088], [0.00285619999976916, 0.005490799999279261, 0.006319500000245171, 0.005787799999779963, 0.006571199999598321, 0.007053700000142271, 0.0010881999996854574], [0.002321900000424648, 0.005223800000749179, 0.00643579999996291, 0.007589499999994587, 0.01251849999971455, 0.006175700000312645, 0.0068421999994825455, 0.0022693999999319203], [0.0018159999999625143, 0.006200099999659869, 0.005732999999963795, 0.0064973999997164356, 0.006853700000647223, 0.003112899999905494], [0.0021500000002561137, 0.007759299999634095, 0.01683950000006007, 0.008601800000178628, 0.00971800000024814, 0.007138500000110071, 0.006633699999838427], [0.002140799999324372, 0.012579100000039034, 0.0070562999999310705, 0.0068346999996720115, 0.007469400000445603, 0.007310599999982514, 0.010333000000173342, 0.0011740999998437474], [0.0023155999997470644, 0.006987700000536279, 0.00648540000020148, 0.00819729999966512, 0.007754900000691123, 0.00757549999980256, 0.005773599999884027], [0.005366700000195124, 0.010260600000037812, 0.007037600000330713, 0.00733959999979561, 0.007302799999706622, 0.008927800000492425, 0.0018362000000706757]];
N_Configurations =[[4, 6, 4], [5, 10, 10, 4], [6, 15, 20, 3], [7, 21, 8], [8, 28, 12], [9, 36, 84, 10], [10, 45, 100, 4], [11, 55, 100, 6], [12, 66, 100, 100, 7], [13, 78, 100, 45], [14, 91, 100, 82], [15, 100, 100, 51], [16, 100, 100, 14], [17, 100, 100, 28], [18, 100, 100, 58], [19, 100, 100, 100, 2], [20, 100, 100, 56], [21, 100, 100, 100, 100, 54], [22, 100, 100, 100, 100, 52], [23, 100, 100, 100, 100, 100, 100, 8], [24, 100, 100, 100, 100, 100, 9], [25, 100, 100, 100, 100, 100, 100, 30], [26, 100, 100, 100, 100, 36], [27, 100, 100, 100, 100, 100, 99], [28, 100, 100, 100, 100, 100, 100, 7], [29, 100, 100, 100, 100, 100, 79], [30, 100, 100, 100, 100, 100, 19]];

%Parâmetros correspondentes ao K que retornou solução
Ks_solution =[0, 4, 4, 3, 3, 4, 4, 4, 5, 4, 4, 4, 4, 4, 4, 5, 4, 6, 6, 8, 7, 8, 6, 7, 8, 7, 7];
Operacoes =[0, 36, 30, 80, 132, 130, 56, 90, 119, 769, 1476, 969, 280, 588, 1276, 48, 1344, 1458, 1456, 248, 279, 990, 1152, 3366, 252, 2844, 703];
Tempo =[0, 0.0006688000003123307, 0.0005347999995137798, 0.0007863999999244697, 0.0009208999999827938, 0.0006905000000188011, 0.0006920000005266047, 0.0006023000005370704, 0.0006885999991936842, 0.0018835999999282649, 0.0032419999997728155, 0.002405899999757821, 0.0009812000007514143, 0.0014651999999841792, 0.0031008999994810438, 0.0006432999998651212, 0.0035930000003645546, 0.004621600000064063, 0.003975699999500648, 0.0009717000002638088, 0.0010881999996854574, 0.0022693999999319203, 0.003112899999905494, 0.006633699999838427, 0.0011740999998437474, 0.005773599999884027, 0.0018362000000706757];
N_Configurations =[0, 4, 3, 8, 12, 10, 4, 6, 7, 45, 82, 51, 14, 28, 58, 2, 56, 54, 52, 8, 9, 30, 36, 99, 7, 79, 19];
Solutions =[0, {1, 2, 3, 4}, {2, 3, 4, 5}, {4, 5, 6}, {1, 4, 6}, {8, 3, 4, 5}, {9, 2, 4, 7}, {8, 9, 3, 4}, {2, 4, 9, 10, 11}, {9, 2, 11, 4}, {9, 2, 11, 4}, {8, 9, 12, 13}, {1, 2, 3, 13}, {0, 9, 12, 8}, {0, 17, 9, 8}, {4, 9, 14, 15, 17}, {9, 13, 14, 15}, {0, 1, 3, 8, 17, 18}, {1, 3, 7, 10, 12, 14}, {1, 4, 6, 12, 14, 15, 19, 22}, {0, 2, 8, 9, 11, 12, 22}, {6, 8, 9, 12, 13, 14, 17, 22}, {8, 9, 12, 13, 21, 22}, {1, 2, 7, 11, 12, 23, 24}, {6, 12, 13, 15, 18, 19, 26, 27}, {3, 4, 5, 6, 15, 21, 23}, {0, 3, 8, 12, 25, 26, 27}];
Check_if_correct =[-1, 1, 1, 1, 1, 1, 1, 1, 1, 1, 1, 1, 1, 1, 1, 1, 1, 1, 1, 1, 1, 1, 1, 1, 1, 1, 1];

%Parâmetros para gráficos
Total_operacoes =[97, 243, 385, 345, 524, 1663, 2105, 2423, 4423, 3804, 4958, 4819, 4343, 4910, 5838, 7096, 6339, 11786, 12237, 17436, 14925, 19442, 13734, 19714, 20630, 20323, 18914];
Total_configurations =[14, 29, 44, 36, 48, 139, 159, 172, 285, 236, 287, 266, 230, 245, 276, 321, 276, 475, 474, 631, 533, 655, 462, 626, 635, 608, 549];
Total_time =[0.0020189999995636754, 0.0032884000002013636, 0.003289999999651627, 0.00280410000050324, 0.0027704000003723195, 0.0053389999993669335, 0.0076616000005742535, 0.013745900001595146, 0.014611900000090827, 0.009121000000050117, 0.012631799999326176, 0.01125670000055834, 0.010942400000203634, 0.010979099998621678, 0.014035199999852921, 0.01779900000019552, 0.014983899999606365, 0.034122999999453896, 0.031471700000111014, 0.03707530000156112, 0.035167399998499604, 0.049376800000572985, 0.03021309999985533, 0.058840800000325544, 0.054897999999411695, 0.04509000000052765, 0.04807130000062898];


%Todos os parâmetros
P =0.5;
Size =[4, 5, 6, 7, 8, 9, 10, 11, 12, 13, 14, 15, 16, 17, 18, 19, 20, 21, 22, 23, 24, 25, 26, 27, 28, 29, 30];
Ks =[[1, 2], [1, 2], [1, 2], [1, 2], [1, 2], [1, 2, 3], [1, 2], [1, 2], [1, 2], [1, 2], [1, 2], [1, 2], [1, 2], [1, 2, 3], [1, 2], [1, 2, 3], [1, 2, 3], [1, 2, 3], [1, 2], [1, 2], [1, 2, 3], [1, 2, 3], [1, 2, 3], [1, 2, 3], [1, 2, 3], [1, 2, 3], [1, 2, 3, 4]];
Operacoes =[[26, 6], [36, 28], [61, 8], [73, 110], [96, 94], [121, 418, 72], [132, 98], [175, 39], [186, 168], [193, 75], [232, 586], [265, 155], [304, 970], [346, 1950, 80], [389, 1444], [432, 2128, 242], [439, 2230, 739], [526, 2328, 624], [564, 822], [617, 825], [695, 2630, 540], [704, 2720, 952], [762, 2820, 1305], [847, 2916, 1020], [1008, 3016, 124], [966, 3106, 320], [1021, 3212, 3300, 68]];
Tempos_tentados =[[0.00047059999997145496, 0.0005823000001328182], [0.0008679999991727527, 0.0005566999998336541], [0.0006986999997025123, 0.00048599999990983633], [0.0005774000001110835, 0.0005593999994744081], [0.0007021000001259381, 0.0011813000000984175], [0.00096419999954378, 0.0014987000004111906, 0.0005526999993890058], [0.0007325000005948823, 0.0009712999999464955], [0.0007777999999234453, 0.000497699999868928], [0.0009769000007509021, 0.0009693000001789187], [0.0007830000004105386, 0.0007709999999860884], [0.0012708000003840425, 0.002070100000310049], [0.0013324999999895226, 0.0009094999995795661], [0.001003399999717658, 0.0023213000004034257], [0.0011544000008143485, 0.004626500000085798, 0.000701199999639357], [0.0014070999995965394, 0.0035782000004473957], [0.0022412999996959115, 0.00456430000031105, 0.001027500000418513], [0.002342800000405987, 0.005076299999927869, 0.0020196000004943926], [0.0019149999998262501, 0.016578499999923224, 0.002160399999411311], [0.0020013000003018533, 0.0029855999991923454], [0.0022265999996307073, 0.002839700000549783], [0.0023600000004080357, 0.005649499999890395, 0.001609199999620614], [0.0036999000003561378, 0.005952299999989918, 0.0028998999996474595], [0.0021912000001975684, 0.006261600000470935, 0.0043595000006462215], [0.0071610999993936275, 0.00897880000047735, 0.0026612999999997555], [0.002954399999907764, 0.007790900000145484, 0.0008353000002898625], [0.002449299999170762, 0.006853999999293592, 0.0016985000002023298], [0.002499500000340049, 0.007497700000385521, 0.007195099999989907, 0.0006670000002486631]];
N_Configurations =[[4, 1], [5, 4], [6, 1], [7, 12], [8, 9], [9, 36, 6], [10, 8], [11, 3], [12, 12], [13, 5], [14, 36], [15, 9], [16, 53], [17, 100, 4], [18, 71], [19, 100, 11], [20, 100, 32], [21, 100, 26], [22, 34], [23, 33], [24, 100, 20], [25, 100, 34], [26, 100, 45], [27, 100, 34], [28, 100, 4], [29, 100, 10], [30, 100, 100, 2]];

%Parâmetros correspondentes ao K que retornou solução
Ks_solution =[2, 2, 2, 2, 2, 3, 2, 2, 2, 2, 2, 2, 2, 3, 2, 3, 3, 3, 2, 2, 3, 3, 3, 3, 3, 3, 4];
Operacoes =[6, 28, 8, 110, 94, 72, 98, 39, 168, 75, 586, 155, 970, 80, 1444, 242, 739, 624, 822, 825, 540, 952, 1305, 1020, 124, 320, 68];
Tempo =[0.0005823000001328182, 0.0005566999998336541, 0.00048599999990983633, 0.0005593999994744081, 0.0011813000000984175, 0.0005526999993890058, 0.0009712999999464955, 0.000497699999868928, 0.0009693000001789187, 0.0007709999999860884, 0.002070100000310049, 0.0009094999995795661, 0.0023213000004034257, 0.000701199999639357, 0.0035782000004473957, 0.001027500000418513, 0.0020196000004943926, 0.002160399999411311, 0.0029855999991923454, 0.002839700000549783, 0.001609199999620614, 0.0028998999996474595, 0.0043595000006462215, 0.0026612999999997555, 0.0008353000002898625, 0.0016985000002023298, 0.0006670000002486631];
N_Configurations =[1, 4, 1, 12, 9, 6, 8, 3, 12, 5, 36, 9, 53, 4, 71, 11, 32, 26, 34, 33, 20, 34, 45, 34, 4, 10, 2];
Solutions =[{1, 3}, {1, 3}, {1, 3}, {0, 2}, {2, 3}, {0, 1, 4}, {9, 4}, {9, 10}, {11, 4}, {3, 12}, {9, 4}, {11, 4}, {10, 2}, {8, 3, 12}, {2, 10}, {10, 18, 2}, {17, 10, 7}, {18, 11, 20}, {2, 10}, {2, 10}, {3, 12, 4}, {9, 19, 17}, {16, 4, 7}, {0, 25, 2}, {11, 20, 21}, {9, 26, 19}, {8, 25, 20, 17}];
Check_if_correct =[1, 1, 1, 1, 1, 1, 1, 1, 1, 1, 1, 1, 1, 1, 1, 1, 1, 1, 1, 1, 1, 1, 1, 1, 1, 1, 1];

%Parâmetros para gráficos
Total_operacoes =[32, 64, 69, 183, 190, 611, 230, 214, 354, 268, 818, 420, 1274, 2376, 1833, 2802, 3408, 3478, 1386, 1442, 3865, 4376, 4887, 4783, 4148, 4392, 7601];
Total_configurations =[5, 9, 7, 19, 17, 51, 18, 14, 24, 18, 50, 24, 69, 121, 89, 130, 152, 147, 56, 56, 144, 159, 171, 161, 132, 139, 232];
Total_time =[0.0010529000001042732, 0.0014246999990064069, 0.0011846999996123486, 0.0011367999995854916, 0.0018834000002243556, 0.0030155999993439764, 0.0017038000005413778, 0.0012754999997923733, 0.0019462000009298208, 0.001554000000396627, 0.0033409000006940914, 0.0022419999995690887, 0.0033247000001210836, 0.0064821000005395035, 0.004985300000043935, 0.007833100000425475, 0.009438700000828248, 0.020653899999160785, 0.004986899999494199, 0.00506630000018049, 0.009618699999919045, 0.012552099999993516, 0.012812300001314725, 0.018801199999870732, 0.011580600000343111, 0.011001799998666684, 0.01785930000096414];


%Todos os parâmetros
P =0.75;
Size =[4, 5, 6, 7, 8, 9, 10, 11, 12, 13, 14, 15, 16, 17, 18, 19, 20, 21, 22, 23, 24, 25, 26, 27, 28, 29, 30];
Ks =[[1], [1], [1], [1], [1], [1], [1], [1], [1], [1], [1], [1], [1, 2], [1, 2], [1, 2], [1, 2], [1, 2], [1, 2], [1, 2], [1, 2], [1, 2], [1, 2], [1, 2], [1, 2], [1, 2], [1, 2], [1, 2]];
Operacoes =[[15], [36], [40], [16], [19], [30], [11], [64], [80], [118], [172], [149], [310, 72], [372, 247], [370, 60], [437, 21], [500, 22], [506, 23], [571, 24], [572, 275], [650, 26], [691, 162], [772, 196], [842, 87], [860, 600], [939, 279], [983, 160]];
Tempos_tentados =[[0.00045250000039231963], [0.0005289999999149586], [0.0005115000003570458], [0.0004656999999497202], [0.00046300000030896626], [0.0005682999999407912], [0.0004540999998425832], [0.000528900000063004], [0.0007948000002215849], [0.0006632999993598787], [0.0009103000002141926], [0.0007460000006176415], [0.0012156000002505607, 0.0007768000004944042], [0.001274100000046019, 0.001225699999849894], [0.001268799999706971, 0.0005947999998170417], [0.0015925999996397877, 0.0006894000007378054], [0.0015518999998676009, 0.0006579999999303254], [0.0016633000004731002, 0.0006625999994867016], [0.0021381000005931128, 0.0007063000002744957], [0.0017358999994030455, 0.001202999999804888], [0.0022601999999096734, 0.0006327000000965199], [0.0019710999995368184, 0.0008483999999953085], [0.00222230000053969, 0.00107060000027559], [0.0023784000004525296, 0.0007171000006565009], [0.00236380000023928, 0.0017192000004797592], [0.0025001999993037316, 0.0015479000003324472], [0.002803700000185927, 0.0009779000001799432]];
N_Configurations =[[3], [5], [5], [2], [2], [3], [1], [5], [6], [8], [11], [9], [16, 4], [17, 13], [18, 3], [19, 1], [20, 1], [21, 1], [22, 1], [23, 11], [24, 1], [25, 6], [26, 7], [27, 3], [28, 20], [29, 9], [30, 5]];

%Parâmetros correspondentes ao K que retornou solução
Ks_solution =[1, 1, 1, 1, 1, 1, 1, 1, 1, 1, 1, 1, 2, 2, 2, 2, 2, 2, 2, 2, 2, 2, 2, 2, 2, 2, 2];
Operacoes =[15, 36, 40, 16, 19, 30, 11, 64, 80, 118, 172, 149, 72, 247, 60, 21, 22, 23, 24, 275, 26, 162, 196, 87, 600, 279, 160];
Tempo =[0.00045250000039231963, 0.0005289999999149586, 0.0005115000003570458, 0.0004656999999497202, 0.00046300000030896626, 0.0005682999999407912, 0.0004540999998425832, 0.000528900000063004, 0.0007948000002215849, 0.0006632999993598787, 0.0009103000002141926, 0.0007460000006176415, 0.0007768000004944042, 0.001225699999849894, 0.0005947999998170417, 0.0006894000007378054, 0.0006579999999303254, 0.0006625999994867016, 0.0007063000002744957, 0.001202999999804888, 0.0006327000000965199, 0.0008483999999953085, 0.00107060000027559, 0.0007171000006565009, 0.0017192000004797592, 0.0015479000003324472, 0.0009779000001799432];
N_Configurations =[3, 5, 5, 2, 2, 3, 1, 5, 6, 8, 11, 9, 4, 13, 3, 1, 1, 1, 1, 11, 1, 6, 7, 3, 20, 9, 5];
Solutions =[{2}, {2}, {2}, {2}, {2}, {2}, {7}, {2}, {2}, {2}, {2}, {2}, {9, 11}, {9, 11}, {10, 3}, {2, 4}, {18, 4}, {1, 3}, {10, 13}, {16, 3}, {8, 9}, {9, 7}, {3, 15}, {1, 13}, {0, 27}, {0, 27}, {9, 17}];
Check_if_correct =[1, 1, 1, 1, 1, 1, 1, 1, 1, 1, 1, 1, 1, 1, 1, 1, 1, 1, 1, 1, 1, 1, 1, 1, 1, 1, 1];

%Parâmetros para gráficos
Total_operacoes =[15, 36, 40, 16, 19, 30, 11, 64, 80, 118, 172, 149, 382, 619, 430, 458, 522, 529, 595, 847, 676, 853, 968, 929, 1460, 1218, 1143];
Total_configurations =[3, 5, 5, 2, 2, 3, 1, 5, 6, 8, 11, 9, 20, 30, 21, 20, 21, 22, 23, 34, 25, 31, 33, 30, 48, 38, 35];
Total_time =[0.00045250000039231963, 0.0005289999999149586, 0.0005115000003570458, 0.0004656999999497202, 0.00046300000030896626, 0.0005682999999407912, 0.0004540999998425832, 0.000528900000063004, 0.0007948000002215849, 0.0006632999993598787, 0.0009103000002141926, 0.0007460000006176415, 0.001992400000744965, 0.002499799999895913, 0.0018635999995240127, 0.002282000000377593, 0.0022098999997979263, 0.002325899999959802, 0.0028444000008676085, 0.0029388999992079334, 0.0028929000000061933, 0.002819499999532127, 0.0032929000008152798, 0.0030955000011090306, 0.004083000000719039, 0.004048099999636179, 0.00378160000036587];
