_%_%_%_%_%_%_%_%_%_%_%_%_%_%_%_%_%_%_%_%_%_%_%_%_%_%_%_%_%_%_%_%_%_%_%_%_%_%_%_%_%_%_%_%_%
Explicação do cabeçalho
Ks -> Tamanho de conjunto dominante com menos operaçõe efetuadas
Operacoes -> Optimal number of operações
Tempo -> Tempo para encontrar o conjunto dominante com menos operações efetuadas
Solutions -> Conjunto dominante com menos operações efetuadas
Check_if_correct -> Verificar se é realmente um conjunto dominante, 1(V) 0(F) -1(se não foi encontrado nenhum set)
Nota: Na divisão -> Parâmetros correspondentes ao K que retornou solução <- caso exista o valor 0 nas variaveis Ks_solutions, Operacoes, Tempo, N_configurations, Solutions quer dizer que não foi encontra nenhuma solução (0 é o valor default) 
Nº de configurações analisadas para cada valor de K = min(N_combinações, 10);
_%_%_%_%_%_%_%_%_%_%_%_%_%_%_%_%_%_%_%_%_%_%_%_%_%_%_%_%_%_%_%_%_%_%_%_%_%_%_%_%_%_%_%_%_%


%Todos os parâmetros
P =0.125;
Size =[4, 5, 6, 7, 8, 9, 10, 11, 12, 13, 14, 15, 16, 17, 18, 19, 20, 21, 22, 23, 24, 25, 26, 27, 28, 29, 30];
Ks =[[1, 2, 3], [1, 2, 3, 4], [1, 2, 3, 4, 5], [1, 2, 3, 4, 5, 6], [1, 2, 3, 4, 5], [1, 2, 3, 4, 5, 6], [1, 2, 3, 4, 5, 6], [1, 2, 3, 4, 5, 6, 7], [1, 2, 3, 4, 5, 6], [1, 2, 3, 4, 5, 6, 7], [1, 2, 3, 4, 5, 6, 7], [1, 2, 3, 4, 5, 6, 7, 8], [1, 2, 3, 4, 5, 6, 7, 8], [1, 2, 3, 4, 5, 6, 7, 8, 9], [1, 2, 3, 4, 5, 6, 7, 8, 9], [1, 2, 3, 4, 5, 6, 7, 8], [1, 2, 3, 4, 5, 6, 7, 8, 9, 10, 11], [1, 2, 3, 4, 5, 6, 7, 8, 9, 10], [1, 2, 3, 4, 5, 6, 7, 8, 9, 10], [1, 2, 3, 4, 5, 6, 7, 8, 9, 10, 11], [1, 2, 3, 4, 5, 6, 7, 8, 9, 10, 11, 12], [1, 2, 3, 4, 5, 6, 7, 8, 9, 10, 11], [1, 2, 3, 4, 5, 6, 7, 8, 9, 10, 11], [1, 2, 3, 4, 5, 6, 7, 8, 9, 10, 11, 12, 13], [1, 2, 3, 4, 5, 6, 7, 8, 9, 10, 11, 12], [1, 2, 3, 4, 5, 6, 7, 8, 9, 10, 11], [1, 2, 3, 4, 5, 6, 7, 8, 9, 10, 11, 12, 13]];
Operacoes =[[27, 36, 31], [35, 74, 80, 45], [61, 82, 90, 100, 22], [62, 94, 100, 110, 120, 13], [81, 100, 110, 120, 78], [101, 110, 120, 130, 140, 60], [148, 120, 136, 140, 150, 16], [134, 130, 140, 150, 160, 170, 18], [143, 142, 150, 160, 170, 54], [144, 150, 160, 170, 180, 190, 140], [157, 160, 173, 180, 190, 200, 147], [168, 170, 180, 190, 200, 210, 220, 92], [173, 180, 190, 200, 210, 220, 230, 168], [183, 190, 200, 210, 220, 230, 240, 250, 104], [195, 200, 210, 220, 230, 240, 250, 260, 135], [202, 210, 220, 230, 240, 250, 260, 243], [215, 220, 230, 240, 250, 260, 270, 280, 290, 300, 248], [229, 230, 240, 250, 260, 270, 280, 290, 300, 31], [236, 240, 250, 260, 270, 280, 290, 300, 310, 192], [241, 250, 260, 270, 280, 290, 300, 310, 320, 330, 68], [250, 260, 270, 280, 290, 300, 310, 320, 330, 340, 350, 144], [263, 270, 280, 290, 300, 310, 320, 330, 340, 350, 72], [272, 280, 290, 300, 310, 320, 330, 340, 350, 360, 111], [283, 290, 300, 310, 320, 330, 340, 350, 360, 370, 380, 390, 40], [291, 300, 310, 320, 330, 340, 350, 360, 370, 380, 390, 40], [301, 310, 320, 330, 340, 350, 360, 370, 380, 390, 80], [314, 320, 330, 340, 350, 360, 370, 380, 390, 400, 410, 420, 387]];
Tempos_tentados =[[0.0009139000003415276, 0.0006253999999898952, 0.0006125999998403131], [0.0006413000000975444, 0.0007895999997344916, 0.0008766000000832719, 0.0008101999992504716], [0.0009577999999237363, 0.0007986999999047839, 0.000620599999820115, 0.0007895999997344916, 0.0005983000000924221], [0.000926900000195019, 0.0008865999998306506, 0.0008467999996355502, 0.001015699999697972, 0.0010789000007207505, 0.0005491999991136254], [0.001025600000502891, 0.0008779999998296262, 0.0008648000002722256, 0.0008094999993772944, 0.0007805000004736939], [0.0007443000004059286, 0.000835900000311085, 0.001011300000755, 0.0006166000002849614, 0.0006469999998444109, 0.0005929999997533741], [0.0007341000000451459, 0.0006327999999484746, 0.0006616999999096151, 0.0010148999999728403, 0.0006493000000773463, 0.0003896999996868544], [0.0009738999997352948, 0.0006475999998656334, 0.000646700000288547, 0.0006720000001223525, 0.0008753000001888722, 0.0006915000003573368, 0.0003895999998348998], [0.0008106999994197395, 0.0007159999995565158, 0.0007429999996020342, 0.0006832999997641309, 0.0008213999999497901, 0.0007864999997764244], [0.0006587999996554572, 0.0008500000003550667, 0.0009716000004118541, 0.0007834000007278519, 0.0008245999997598119, 0.0008988999998109648, 0.0008798999997452484], [0.0010573999998086947, 0.0008988999998109648, 0.0007370000002993038, 0.001101599999856262, 0.001196400000480935, 0.0007304999999178108, 0.0006291999998211395], [0.0007742999996480648, 0.0007243000000016764, 0.0007760999997117324, 0.0008470999991914141, 0.0007268999997904757, 0.0012599000001500826, 0.00198270000055345, 0.0017987000001085107], [0.005591800000729563, 0.0015035999995234306, 0.0029236000000310014, 0.001124800000070536, 0.000776600000790495, 0.0011650000005829497, 0.0009945000001607696, 0.0009750999997777399], [0.0009699000002001412, 0.0013535999996747705, 0.0011411999994379585, 0.0011679999997795676, 0.0013152999999874737, 0.0012267000001884298, 0.0008179999995263643, 0.0012237000000823173, 0.0008803999999145162], [0.001170000000456639, 0.0007488999999623047, 0.0011579000001802342, 0.001205600000503182, 0.0007783000000927132, 0.0007857000000512926, 0.0009365999994770391, 0.0008036999997784733, 0.0006481000000349013], [0.0009764999995240942, 0.0007821999997759121, 0.00080089999937627, 0.0007946000005176757, 0.0009686000003057416, 0.0008196999997380772, 0.0012427999999999884, 0.001172000000224216], [0.0007578000004286878, 0.0009988000001612818, 0.0010026999998444808, 0.0008457000003545545, 0.0008303999993586331, 0.0008235000004788162, 0.0008705999998710467, 0.0013281999999890104, 0.0011248999999224907, 0.0009688999998616055, 0.0008375999996133032], [0.000984900000730704, 0.0011709999998856802, 0.0009516999998595566, 0.0009114000004046829, 0.0019042999992961995, 0.0008837999994284473, 0.0008887000003596768, 0.001141000000643544, 0.0009180999995805905, 0.0004422000001795823], [0.0008883000000423635, 0.0009425999996892642, 0.0010078000004796195, 0.0010381000001871143, 0.0013697000003958237, 0.0009244000002581743, 0.0009348000003228663, 0.0012498000005507492, 0.0009515000001556473, 0.0007039000001896056], [0.001325899999756075, 0.000950100000409293, 0.00093029999970895, 0.0009589000001142267, 0.000885299999936251, 0.0009289999998145504, 0.0009931000004144153, 0.0009665000006862101, 0.0009698000003481866, 0.0016088000002127956, 0.0007653999991816818], [0.0008958999997048522, 0.001215299999785202, 0.0015481999998883111, 0.0011844000000564847, 0.0012901000000056229, 0.0009265999997296603, 0.0009598999995432678, 0.0014655000004495378, 0.0010142000000996632, 0.0009651000000303611, 0.0010351000000810018, 0.0008026000004974776], [0.0008206000002246583, 0.0008383000003959751, 0.0013539000001401291, 0.0010815999994520098, 0.0011005999995177262, 0.0011666000000332133, 0.001037900000483205, 0.0010142999999516178, 0.001044999999976426, 0.0012304000001677196, 0.000634899999568006], [0.0011021000000255299, 0.0008913000001484761, 0.0009164999992208323, 0.0009938999992300523, 0.0009776999995665392, 0.0009677000007286551, 0.001099400000384776, 0.0009763999996721395, 0.0010469999997440027, 0.0012281999997867388, 0.0009013999997478095], [0.000835999999253545, 0.0009084000002985704, 0.0012383999992380268, 0.003424599999561906, 0.001849199999924167, 0.002536800000598305, 0.0012793000005331123, 0.0024118000001180917, 0.0018527000001995475, 0.002270900000439724, 0.0020353999998405925, 0.0014937000005375012, 0.0004851000003327499], [0.0008530000004611793, 0.0013629000004584668, 0.0015848999992158497, 0.001389000000017404, 0.0010148999999728403, 0.0010746999996626982, 0.0013251999998828978, 0.0015323999996326165, 0.001812900000004447, 0.0012603999994098558, 0.0010548000000198954, 0.0004893999994237674], [0.0009973999995054328, 0.000921599999855971, 0.0012909999995827093, 0.0017008999993777252, 0.0011094000001321547, 0.001096200000574754, 0.0015548000001217588, 0.0011487000001579872, 0.0016407000002800487, 0.0012007999994239071, 0.0006386000004567904], [0.0014208000002327026, 0.0010419000000183587, 0.0010349000003770925, 0.0011024000004908885, 0.0011531999998624087, 0.0010775000000649015, 0.0012277999994694255, 0.0011344000004100963, 0.0011040999997931067, 0.0011457000000518747, 0.0011986999998043757, 0.0011383999999452499, 0.001896400000077847]];
N_Configurations =[[4, 6, 4], [5, 10, 10, 5], [6, 10, 10, 10, 2], [7, 10, 10, 10, 10, 1], [8, 10, 10, 10, 6], [9, 10, 10, 10, 10, 4], [10, 10, 10, 10, 10, 1], [10, 10, 10, 10, 10, 10, 1], [10, 10, 10, 10, 10, 3], [10, 10, 10, 10, 10, 10, 7], [10, 10, 10, 10, 10, 10, 7], [10, 10, 10, 10, 10, 10, 10, 4], [10, 10, 10, 10, 10, 10, 10, 7], [10, 10, 10, 10, 10, 10, 10, 10, 4], [10, 10, 10, 10, 10, 10, 10, 10, 5], [10, 10, 10, 10, 10, 10, 10, 9], [10, 10, 10, 10, 10, 10, 10, 10, 10, 10, 8], [10, 10, 10, 10, 10, 10, 10, 10, 10, 1], [10, 10, 10, 10, 10, 10, 10, 10, 10, 6], [10, 10, 10, 10, 10, 10, 10, 10, 10, 10, 2], [10, 10, 10, 10, 10, 10, 10, 10, 10, 10, 10, 4], [10, 10, 10, 10, 10, 10, 10, 10, 10, 10, 2], [10, 10, 10, 10, 10, 10, 10, 10, 10, 10, 3], [10, 10, 10, 10, 10, 10, 10, 10, 10, 10, 10, 10, 1], [10, 10, 10, 10, 10, 10, 10, 10, 10, 10, 10, 1], [10, 10, 10, 10, 10, 10, 10, 10, 10, 10, 2], [10, 10, 10, 10, 10, 10, 10, 10, 10, 10, 10, 10, 9]];

%Parâmetros correspondentes ao K que retornou solução
Ks_solution =[0, 0, 5, 6, 5, 6, 6, 7, 6, 7, 7, 8, 8, 9, 9, 8, 11, 10, 10, 11, 12, 11, 11, 13, 12, 11, 13];
Operacoes =[0, 0, 22, 13, 78, 60, 16, 18, 54, 140, 147, 92, 168, 104, 135, 243, 248, 31, 192, 68, 144, 72, 111, 40, 40, 80, 387];
Tempo =[0, 0, 0.0005983000000924221, 0.0005491999991136254, 0.0007805000004736939, 0.0005929999997533741, 0.0003896999996868544, 0.0003895999998348998, 0.0007864999997764244, 0.0008798999997452484, 0.0006291999998211395, 0.0017987000001085107, 0.0009750999997777399, 0.0008803999999145162, 0.0006481000000349013, 0.001172000000224216, 0.0008375999996133032, 0.0004422000001795823, 0.0007039000001896056, 0.0007653999991816818, 0.0008026000004974776, 0.000634899999568006, 0.0009013999997478095, 0.0004851000003327499, 0.0004893999994237674, 0.0006386000004567904, 0.001896400000077847];
N_Configurations =[0, 0, 2, 1, 6, 4, 1, 1, 3, 7, 7, 4, 7, 4, 5, 9, 8, 1, 6, 2, 4, 2, 3, 1, 1, 2, 9];
Solutions =[0, 0, {0, 1, 2, 3, 5}, {0, 1, 2, 3, 4, 5}, {1, 2, 5, 6, 7}, {1, 2, 4, 6, 7, 8}, {0, 3, 4, 7, 8, 9}, {1, 2, 5, 6, 7, 8, 10}, {2, 5, 6, 7, 8, 11}, {1, 2, 5, 6, 7, 8, 12}, {0, 1, 4, 6, 7, 8, 9}, {2, 4, 5, 6, 7, 8, 9, 14}, {1, 2, 5, 6, 7, 8, 9, 15}, {2, 3, 4, 6, 7, 8, 9, 12, 14}, {0, 4, 6, 7, 8, 9, 14, 15, 17}, {4, 7, 8, 12, 14, 15, 17, 18}, {0, 1, 2, 3, 4, 5, 7, 8, 12, 13, 18}, {0, 2, 5, 6, 7, 10, 11, 14, 17, 19}, {1, 3, 5, 10, 11, 16, 17, 19, 20, 21}, {0, 1, 5, 7, 8, 9, 10, 18, 20, 21, 22}, {2, 4, 5, 7, 8, 10, 11, 12, 15, 18, 21, 23}, {2, 6, 8, 10, 13, 14, 17, 19, 22, 23, 24}, {5, 6, 8, 9, 10, 12, 13, 18, 20, 22, 25}, {4, 9, 10, 12, 13, 15, 16, 17, 19, 22, 23, 24, 25}, {0, 5, 7, 9, 11, 12, 14, 17, 20, 21, 22, 25}, {3, 4, 11, 12, 13, 17, 18, 20, 22, 25, 26}, {0, 2, 4, 8, 9, 18, 19, 21, 22, 23, 24, 26, 27}];
Check_if_correct =[-1, -1, 1, 1, 1, 1, 1, 1, 1, 1, 1, 1, 1, 1, 1, 1, 1, 1, 1, 1, 1, 1, 1, 1, 1, 1, 1];

%Parâmetros para gráficos
Total_operacoes =[94, 234, 355, 499, 489, 661, 710, 902, 819, 1134, 1207, 1430, 1571, 1827, 1940, 1855, 2803, 2380, 2628, 2919, 3444, 3125, 3263, 4063, 3781, 3531, 4771];
Total_configurations =[14, 30, 38, 48, 44, 53, 51, 61, 53, 67, 67, 74, 77, 84, 85, 79, 108, 91, 96, 102, 114, 102, 103, 121, 111, 102, 129];
Total_time =[0.002151900000171736, 0.0031176999991657794, 0.003764999999475549, 0.005304099999193568, 0.004358400000455731, 0.00444810000135476, 0.004082499999640277, 0.004896600000392937, 0.004560899998068635, 0.005867200000466255, 0.0063509999999951106, 0.008889999999155407, 0.015055000001666485, 0.010096799998791539, 0.00823480000053678, 0.007557299999461975, 0.01038909999988391, 0.010197100000368664, 0.010010900002271228, 0.011283100000582635, 0.013302899999871443, 0.011324099999910686, 0.011101599998255551, 0.02262230000087584, 0.014754499998161918, 0.01330009999946924, 0.015676200000598328];


%Todos os parâmetros
P =0.25;
Size =[4, 5, 6, 7, 8, 9, 10, 11, 12, 13, 14, 15, 16, 17, 18, 19, 20, 21, 22, 23, 24, 25, 26, 27, 28, 29, 30];
Ks =[[1, 2, 3], [1, 2, 3, 4], [1, 2, 3, 4], [1, 2, 3], [1, 2, 3], [1, 2, 3, 4], [1, 2, 3], [1, 2, 3, 4, 5], [1, 2, 3, 4, 5, 6, 7], [1, 2, 3, 4], [1, 2, 3, 4, 5], [1, 2, 3, 4, 5, 6], [1, 2, 3, 4, 5], [1, 2, 3, 4, 5, 6], [1, 2, 3, 4, 5], [1, 2, 3, 4, 5, 6, 7], [1, 2, 3, 4, 5, 6, 7], [1, 2, 3, 4, 5, 6], [1, 2, 3, 4, 5, 6, 7], [1, 2, 3, 4, 5, 6, 7, 8, 9, 10], [1, 2, 3, 4, 5, 6, 7, 8], [1, 2, 3, 4, 5, 6, 7, 8, 9, 10, 11], [1, 2, 3, 4, 5, 6, 7, 8], [1, 2, 3, 4, 5, 6, 7, 8, 9, 10], [1, 2, 3, 4, 5, 6, 7, 8], [1, 2, 3, 4, 5, 6, 7, 8, 9, 10], [1, 2, 3, 4, 5, 6, 7, 8]];
Operacoes =[[22, 36, 28], [36, 74, 86, 9], [49, 82, 90, 30], [64, 96, 30], [83, 100, 55], [102, 110, 120, 13], [142, 122, 104], [124, 130, 140, 150, 16], [147, 140, 150, 160, 170, 180, 95], [146, 150, 160, 136], [154, 160, 170, 180, 133], [170, 170, 180, 190, 200, 42], [174, 180, 190, 200, 42], [184, 190, 200, 210, 220, 115], [195, 200, 210, 220, 92], [204, 210, 220, 230, 240, 250, 182], [214, 220, 230, 240, 250, 260, 27], [221, 230, 240, 250, 260, 54], [234, 242, 250, 260, 270, 280, 29], [247, 250, 260, 270, 280, 290, 300, 310, 320, 66], [254, 260, 270, 280, 290, 300, 310, 320], [263, 270, 280, 290, 300, 310, 320, 330, 340, 350, 252], [274, 280, 290, 300, 310, 320, 330, 136], [286, 290, 300, 310, 320, 330, 340, 350, 360, 37], [292, 300, 310, 320, 330, 340, 350, 108], [304, 310, 320, 330, 340, 350, 360, 370, 380, 312], [314, 320, 330, 340, 350, 360, 370, 152]];
Tempos_tentados =[[0.0005621999998766114, 0.0006164999995235121, 0.0005876000004718662], [0.0005214000002524699, 0.0005752999995820574, 0.0006329999996523838, 0.00042800000028364593], [0.0005450000007840572, 0.0006825999998909538, 0.0006075000001146691, 0.0007474000003639958], [0.0004883999999947264, 0.0007381999994322541, 0.0005240000000412692], [0.0005911999996897066, 0.0006027999997968436, 0.0005060999992565485], [0.0006139999995866674, 0.0006204999999681604, 0.0009326999997938401, 0.0005631000003631925], [0.001113700000132667, 0.0009036000001287903, 0.0006474000001617242], [0.0007298000000446336, 0.0007937000000310945, 0.0006990000001678709, 0.0008326000006491086, 0.00044330000037007267], [0.0008416000000579515, 0.0007777999999234453, 0.0009116000001085922, 0.0007666000001336215, 0.000724199999240227, 0.0008613999998487998, 0.0005950000004304457], [0.0007150000001274748, 0.0008747000001676497, 0.0009490000002188026, 0.0008160999996107421], [0.0010032000000137486, 0.000952599999436643, 0.0007982000006450107, 0.0011021000000255299, 0.0007117999994079582], [0.0009728000004542992, 0.0008619000000180677, 0.0007630000000062864, 0.0009691000004750094, 0.0008091999998214305, 0.0006787000002077548], [0.000886499999978696, 0.0008095000002867891, 0.0010966999998345273, 0.001240200000211189, 0.0008895000000848086], [0.0009422999992239056, 0.0012225000000398722, 0.001089000000320084, 0.0010136000000784406, 0.0013722000003326684, 0.0011656999995466322], [0.0020813999999518273, 0.0015714999999545398, 0.00394979999964562, 0.0014169999994919635, 0.0009035000002768356], [0.00087100000018836, 0.0009531999994578655, 0.0009052000004885485, 0.0008840999998938059, 0.0014970000001994777, 0.000926900000195019, 0.0009324000002379762], [0.0008450999994238373, 0.0010378000006312504, 0.000899500000741682, 0.0011359000000084052, 0.0009584999997969135, 0.0009299000003011315, 0.0005589000002146349], [0.0009552999999868916, 0.0009304000004703994, 0.0009194000003844849, 0.0011026000001947978, 0.0009553999998388463, 0.0008977000006780145], [0.0008987999999590102, 0.0008835000007820781, 0.0010502999994059792, 0.0010270000002492452, 0.001605599999493279, 0.0010402999996586004, 0.0005760000003647292], [0.0009372000004077563, 0.0010944000005110865, 0.0011687999995046994, 0.0010452000005898299, 0.001609400000234018, 0.0011886000002050423, 0.0011764999999286374, 0.0010528000002523186, 0.0010370999998485786, 0.0006146999994598445], [0.0009548999996695784, 0.001511499999651278, 0.001115399999434885, 0.0010751999998319661, 0.0013286000003063236, 0.0012355000008028583, 0.0010009999996327679, 0.001135499999691092], [0.0011076999999204418, 0.0010388999999122461, 0.001133700000536919, 0.0009560999997120234, 0.001304800000070827, 0.001077400000212947, 0.0011517000002640998, 0.0010133000005225767, 0.0010651000002326327, 0.0011921000004804228, 0.0008875000003172318], [0.0011196999994353973, 0.0009251000001313514, 0.0009434000003238907, 0.0012449999994714744, 0.0010787999999593012, 0.001139300000431831, 0.0011380999994798913, 0.0008747000001676497], [0.0009984999996959232, 0.0010469999997440027, 0.0011089999998148414, 0.0010637999994287384, 0.0011027000000467524, 0.0010838000007424853, 0.0013272000005599693, 0.0012315999993006699, 0.0012575999999171472, 0.0006474000001617242], [0.0010339000000385568, 0.0010136999999303953, 0.0010062000001198612, 0.001083699999981036, 0.0012061999996149098, 0.00103679999938322, 0.0012033000002702465, 0.0007025000004432513], [0.0010254999997414416, 0.0010552000003372086, 0.0011764999999286374, 0.0010823000002346816, 0.001250399999662477, 0.0012736999997287057, 0.0011665000001812587, 0.001265899999452813, 0.0014982000002419227, 0.0013793999996778439], [0.0010228999999526422, 0.0015002000000094995, 0.0015172000003076391, 0.0015498000002480694, 0.0018539000002419925, 0.0016209999994316604, 0.001660299999457493, 0.0009631000002627843]];
N_Configurations =[[4, 6, 4], [5, 10, 10, 1], [6, 10, 10, 3], [7, 10, 3], [8, 10, 5], [9, 10, 10, 1], [10, 10, 8], [10, 10, 10, 10, 1], [10, 10, 10, 10, 10, 10, 5], [10, 10, 10, 8], [10, 10, 10, 10, 7], [10, 10, 10, 10, 10, 2], [10, 10, 10, 10, 2], [10, 10, 10, 10, 10, 5], [10, 10, 10, 10, 4], [10, 10, 10, 10, 10, 10, 7], [10, 10, 10, 10, 10, 10, 1], [10, 10, 10, 10, 10, 2], [10, 10, 10, 10, 10, 10, 1], [10, 10, 10, 10, 10, 10, 10, 10, 10, 2], [10, 10, 10, 10, 10, 10, 10, 10], [10, 10, 10, 10, 10, 10, 10, 10, 10, 10, 7], [10, 10, 10, 10, 10, 10, 10, 4], [10, 10, 10, 10, 10, 10, 10, 10, 10, 1], [10, 10, 10, 10, 10, 10, 10, 3], [10, 10, 10, 10, 10, 10, 10, 10, 10, 8], [10, 10, 10, 10, 10, 10, 10, 4]];

%Parâmetros correspondentes ao K que retornou solução
Ks_solution =[0, 4, 4, 3, 3, 4, 3, 5, 7, 4, 5, 6, 5, 6, 5, 7, 7, 6, 7, 10, 8, 11, 8, 10, 8, 10, 8];
Operacoes =[0, 9, 30, 30, 55, 13, 104, 16, 95, 136, 133, 42, 42, 115, 92, 182, 27, 54, 29, 66, 320, 252, 136, 37, 108, 312, 152];
Tempo =[0, 0.00042800000028364593, 0.0007474000003639958, 0.0005240000000412692, 0.0005060999992565485, 0.0005631000003631925, 0.0006474000001617242, 0.00044330000037007267, 0.0005950000004304457, 0.0008160999996107421, 0.0007117999994079582, 0.0006787000002077548, 0.0008895000000848086, 0.0011656999995466322, 0.0009035000002768356, 0.0009324000002379762, 0.0005589000002146349, 0.0008977000006780145, 0.0005760000003647292, 0.0006146999994598445, 0.001135499999691092, 0.0008875000003172318, 0.0008747000001676497, 0.0006474000001617242, 0.0007025000004432513, 0.0013793999996778439, 0.0009631000002627843];
N_Configurations =[0, 1, 3, 3, 5, 1, 8, 1, 5, 8, 7, 2, 2, 5, 4, 7, 1, 2, 1, 2, 10, 7, 4, 1, 3, 8, 4];
Solutions =[0, {0, 2, 3, 4}, {2, 3, 4, 5}, {0, 1, 6}, {1, 4, 6}, {8, 4, 5, 6}, {9, 2, 4}, {0, 1, 3, 7, 8}, {0, 2, 5, 6, 8, 9, 11}, {8, 9, 12, 4}, {4, 8, 9, 10, 12}, {4, 6, 7, 9, 13, 14}, {5, 6, 7, 12, 13}, {1, 8, 9, 12, 13, 15}, {4, 8, 9, 10, 17}, {4, 8, 9, 12, 15, 17, 18}, {1, 4, 6, 10, 15, 16, 17}, {1, 6, 9, 12, 13, 15}, {1, 3, 4, 8, 11, 17, 18}, {2, 3, 6, 9, 11, 13, 16, 18, 20, 22}, {7, 9, 10, 12, 13, 14, 19, 22}, {1, 7, 10, 11, 14, 15, 18, 19, 20, 22, 24}, {1, 5, 11, 14, 15, 20, 23, 24}, {0, 1, 3, 6, 8, 12, 13, 18, 21, 22}, {2, 4, 10, 17, 18, 19, 20, 27}, {0, 1, 3, 10, 14, 15, 16, 25, 27, 28}, {6, 15, 18, 19, 24, 26, 27, 28}];
Check_if_correct =[-1, 1, 1, 1, 1, 1, 1, 1, 1, 1, 1, 1, 1, 1, 1, 1, 1, 1, 1, 1, 1, 1, 1, 1, 1, 1, 1];

%Parâmetros para gráficos
Total_operacoes =[86, 205, 251, 190, 238, 345, 368, 560, 1042, 592, 797, 952, 786, 1119, 917, 1536, 1441, 1255, 1565, 2593, 2284, 3305, 2240, 2923, 2350, 3376, 2536];
Total_configurations =[14, 26, 29, 20, 23, 30, 28, 41, 65, 38, 47, 52, 42, 55, 44, 67, 61, 52, 61, 92, 80, 107, 74, 91, 73, 98, 74];
Total_time =[0.0017662999998719897, 0.002157699999770557, 0.002582500001153676, 0.0017505999994682497, 0.0017000999987430987, 0.0027302999997118604, 0.0026647000004231813, 0.0034984000012627803, 0.005478199999743083, 0.003354800000124669, 0.0045678999995288905, 0.005054700000982848, 0.00492240000039601, 0.006805299999541603, 0.009923199999320786, 0.006969800000661053, 0.006365600001117855, 0.005760800001553434, 0.007081499999912921, 0.010924700000941812, 0.00935759999902075, 0.011928300002182368, 0.008464099999400787, 0.010868599999412254, 0.008286299999781477, 0.01217359999918699, 0.01168839999991178];


%Todos os parâmetros
P =0.5;
Size =[4, 5, 6, 7, 8, 9, 10, 11, 12, 13, 14, 15, 16, 17, 18, 19, 20, 21, 22, 23, 24, 25, 26, 27, 28, 29, 30];
Ks =[[1, 2], [1, 2], [1, 2], [1, 2], [1, 2], [1, 2, 3], [1, 2], [1, 2], [1, 2, 3], [1, 2], [1, 2], [1, 2, 3], [1, 2, 3, 4], [1, 2, 3, 4], [1, 2, 3], [1, 2], [1, 2, 3], [1, 2, 3], [1, 2, 3, 4, 5], [1, 2, 3, 4], [1, 2, 3, 4], [1, 2, 3, 4], [1, 2, 3, 4], [1, 2, 3, 4], [1, 2, 3, 4, 5], [1, 2, 3], [1, 2, 3]];
Operacoes =[[21, 6], [34, 7], [45, 8], [80, 18], [85, 80], [97, 112, 60], [125, 84], [134, 67], [135, 140, 15], [144, 60], [155, 16], [164, 170, 90], [179, 180, 190, 60], [182, 190, 200, 84], [193, 204, 147], [207, 147], [213, 220, 207], [220, 230, 192], [234, 240, 250, 260, 81], [243, 250, 260, 108], [252, 260, 270, 196], [263, 270, 280, 87], [270, 280, 290, 30], [283, 290, 300, 62], [292, 300, 310, 320, 33], [303, 310, 96], [315, 320, 132]];
Tempos_tentados =[[0.0005279000006339629, 0.0004040000003442401], [0.0005215000001044245, 0.0004191999996692175], [0.0005913000004511559, 0.00042209999992337544], [0.0006310999997367617, 0.0005659999997078557], [0.0005813999996462371, 0.0005663000001732144], [0.0006947000001673587, 0.0006964000003790716, 0.0006536999999298132], [0.0006721999998262618, 0.0005916000000070198], [0.0007384000000456581, 0.0006163999996715575], [0.0007438999991791206, 0.000689299999976356, 0.0004337999998824671], [0.000721999999768741, 0.0005868000007467344], [0.0007241000002977671, 0.00040580000040790765], [0.0007162000001699198, 0.0007662999996682629, 0.0007278999992195168], [0.0008718999997654464, 0.0011438000001362525, 0.0008003999992070021, 0.0007243000000016764], [0.0009042000001500128, 0.000850200000058976, 0.0008738000005905633, 0.0006008000000292668], [0.0007882999998400919, 0.0010233000002699555, 0.0008053999999901862], [0.0008649999999761349, 0.0009700999999040505], [0.0008252999996329891, 0.0008841999997457606, 0.0008774999996603583], [0.001028000000587781, 0.0008979999993243837, 0.0007762000004731817], [0.0011295000003883615, 0.00103190000027098, 0.0010290999998687766, 0.0009344999998575076, 0.000633900000138965], [0.001296300000831252, 0.0008806999994703801, 0.0011395000001357403, 0.000978900000518479], [0.0010351999999329564, 0.0009583000000930042, 0.0010192000008828472, 0.001075999999557098], [0.0008983999996416969, 0.0010689999999158317, 0.0011991999999736436, 0.0007284000002982793], [0.0009555999995427555, 0.0010425999998915358, 0.0009834999991653604, 0.0007182999997894512], [0.0009393000000272878, 0.0010562999996182043, 0.0011928000003536, 0.0005848000000696629], [0.0015157999996517901, 0.0013281000001370558, 0.0010274000005665584, 0.00101859999995213, 0.0006407000000763219], [0.0011247999991610413, 0.001001699999505945, 0.0006765999996787286], [0.0013095000003886526, 0.001221800000166695, 0.0009736000001794309]];
N_Configurations =[[4, 1], [5, 1], [6, 1], [7, 2], [8, 8], [9, 10, 5], [10, 7], [10, 5], [10, 10, 1], [10, 4], [10, 1], [10, 10, 5], [10, 10, 10, 3], [10, 10, 10, 4], [10, 10, 7], [10, 7], [10, 10, 9], [10, 10, 8], [10, 10, 10, 10, 3], [10, 10, 10, 4], [10, 10, 10, 7], [10, 10, 10, 3], [10, 10, 10, 1], [10, 10, 10, 2], [10, 10, 10, 10, 1], [10, 10, 3], [10, 10, 4]];

%Parâmetros correspondentes ao K que retornou solução
Ks_solution =[2, 2, 2, 2, 2, 3, 2, 2, 3, 2, 2, 3, 4, 4, 3, 2, 3, 3, 5, 4, 4, 4, 4, 4, 5, 3, 3];
Operacoes =[6, 7, 8, 18, 80, 60, 84, 67, 15, 60, 16, 90, 60, 84, 147, 147, 207, 192, 81, 108, 196, 87, 30, 62, 33, 96, 132];
Tempo =[0.0004040000003442401, 0.0004191999996692175, 0.00042209999992337544, 0.0005659999997078557, 0.0005663000001732144, 0.0006536999999298132, 0.0005916000000070198, 0.0006163999996715575, 0.0004337999998824671, 0.0005868000007467344, 0.00040580000040790765, 0.0007278999992195168, 0.0007243000000016764, 0.0006008000000292668, 0.0008053999999901862, 0.0009700999999040505, 0.0008774999996603583, 0.0007762000004731817, 0.000633900000138965, 0.000978900000518479, 0.001075999999557098, 0.0007284000002982793, 0.0007182999997894512, 0.0005848000000696629, 0.0006407000000763219, 0.0006765999996787286, 0.0009736000001794309];
N_Configurations =[1, 1, 1, 2, 8, 5, 7, 5, 1, 4, 1, 5, 3, 4, 7, 7, 9, 8, 3, 4, 7, 3, 1, 2, 1, 3, 4];
Solutions =[{2, 3}, {1, 3}, {0, 2}, {0, 2}, {2, 3}, {1, 3, 4}, {9, 6}, {9, 10}, {8, 2, 3}, {9, 10}, {3, 12}, {1, 4, 9}, {8, 1, 3, 7}, {16, 1, 4, 15}, {8, 3, 12}, {2, 10}, {8, 2, 3}, {17, 12, 9}, {4, 5, 7, 12, 19}, {0, 10, 20, 14}, {2, 11, 4, 13}, {0, 20, 21, 22}, {8, 0, 12, 20}, {24, 26, 12, 6}, {0, 2, 6, 8, 21}, {0, 2, 27}, {26, 27, 23}];
Check_if_correct =[1, 1, 1, 1, 1, 1, 1, 1, 1, 1, 1, 1, 1, 1, 1, 1, 1, 1, 1, 1, 1, 1, 1, 1, 1, 1, 1];

%Parâmetros para gráficos
Total_operacoes =[27, 41, 53, 98, 165, 269, 209, 201, 290, 204, 171, 424, 609, 656, 544, 354, 640, 642, 1065, 861, 978, 900, 870, 935, 1255, 709, 767];
Total_configurations =[5, 6, 7, 9, 16, 24, 17, 15, 21, 14, 11, 25, 33, 34, 27, 17, 29, 28, 43, 34, 37, 33, 31, 32, 41, 23, 24];
Total_time =[0.000931900000978203, 0.000940699999773642, 0.0010134000003745314, 0.0011970999994446174, 0.0011476999998194515, 0.0020448000004762434, 0.0012637999998332816, 0.0013547999997172155, 0.0018669999990379438, 0.0013088000005154754, 0.0011299000007056748, 0.0022103999990576995, 0.0035403999991103774, 0.003229000000828819, 0.0026170000001002336, 0.0018350999998801854, 0.002586999999039108, 0.0027022000003853464, 0.004758900000524591, 0.004295400000955851, 0.004088700000465906, 0.0038949999998294516, 0.003699999998389103, 0.003773200000068755, 0.005530600000383856, 0.002803099998345715, 0.0035049000007347786];


%Todos os parâmetros
P =0.75;
Size =[4, 5, 6, 7, 8, 9, 10, 11, 12, 13, 14, 15, 16, 17, 18, 19, 20, 21, 22, 23, 24, 25, 26, 27, 28, 29, 30];
Ks =[[1], [1], [1], [1], [1], [1], [1], [1], [1], [1], [1], [1], [1, 2], [1, 2], [1, 2], [1, 2], [1, 2], [1, 2], [1, 2], [1, 2], [1, 2], [1, 2], [1, 2], [1, 2], [1, 2], [1, 2], [1, 2, 3]];
Operacoes =[[12], [35], [22], [42], [19], [20], [11], [36], [40], [56], [106], [48], [171, 36], [184, 76], [194, 40], [210, 42], [212, 22], [222, 46], [232, 24], [242, 75], [252, 130], [261, 27], [270, 252], [280, 58], [294, 210], [304, 31], [314, 320, 66]];
Tempos_tentados =[[0.0004529999996520928], [0.0005611000005956157], [0.0005713999998988584], [0.0005222999998295563], [0.0006369999991875375], [0.0005529000000024098], [0.0004180000005362672], [0.0006615000002057059], [0.000525999999808846], [0.0007281000007424154], [0.0007453000007444643], [0.0005691999995178776], [0.0010543999997025821, 0.0005116000002090004], [0.0008994999998321873, 0.0005877000003238209], [0.0013456000006044633, 0.0006043000003046473], [0.0008116999997582752, 0.0005070000006526243], [0.0008434999999735737, 0.0004697999993368285], [0.0014027999995960272, 0.000757000000703556], [0.0018856999995477963, 0.0007467000004908186], [0.0009208999999827938, 0.0007301999994524522], [0.0012829999996029073, 0.0008471000001009088], [0.0013198999995438498, 0.0005503000002136105], [0.0009947999997166335, 0.001088299999537412], [0.0009871000002021901, 0.0006624999996347469], [0.001564700000017183, 0.0009503000001132023], [0.0015030000004117028, 0.000492600000143284], [0.0010847999992620316, 0.0011686000007102848, 0.0006180999998832704]];
N_Configurations =[[2], [5], [3], [5], [2], [2], [1], [3], [3], [4], [7], [3], [10, 2], [10, 4], [10, 2], [10, 2], [10, 1], [10, 2], [10, 1], [10, 3], [10, 5], [10, 1], [10, 9], [10, 2], [10, 7], [10, 1], [10, 10, 2]];

%Parâmetros correspondentes ao K que retornou solução
Ks_solution =[1, 1, 1, 1, 1, 1, 1, 1, 1, 1, 1, 1, 2, 2, 2, 2, 2, 2, 2, 2, 2, 2, 2, 2, 2, 2, 3];
Operacoes =[12, 35, 22, 42, 19, 20, 11, 36, 40, 56, 106, 48, 36, 76, 40, 42, 22, 46, 24, 75, 130, 27, 252, 58, 210, 31, 66];
Tempo =[0.0004529999996520928, 0.0005611000005956157, 0.0005713999998988584, 0.0005222999998295563, 0.0006369999991875375, 0.0005529000000024098, 0.0004180000005362672, 0.0006615000002057059, 0.000525999999808846, 0.0007281000007424154, 0.0007453000007444643, 0.0005691999995178776, 0.0005116000002090004, 0.0005877000003238209, 0.0006043000003046473, 0.0005070000006526243, 0.0004697999993368285, 0.000757000000703556, 0.0007467000004908186, 0.0007301999994524522, 0.0008471000001009088, 0.0005503000002136105, 0.001088299999537412, 0.0006624999996347469, 0.0009503000001132023, 0.000492600000143284, 0.0006180999998832704];
N_Configurations =[2, 5, 3, 5, 2, 2, 1, 3, 3, 4, 7, 3, 2, 4, 2, 2, 1, 2, 1, 3, 5, 1, 9, 2, 7, 1, 2];
Solutions =[{2}, {2}, {2}, {2}, {7}, {7}, {2}, {2}, {2}, {2}, {2}, {2}, {3, 15}, {9, 7}, {9, 3}, {18, 11}, {14, 6}, {14, 15}, {16, 9}, {16, 20}, {2, 11}, {2, 13}, {9, 17}, {16, 25}, {2, 21}, {20, 28}, {8, 19, 29}];
Check_if_correct =[1, 1, 1, 1, 1, 1, 1, 1, 1, 1, 1, 1, 1, 1, 1, 1, 1, 1, 1, 1, 1, 1, 1, 1, 1, 1, 1];

%Parâmetros para gráficos
Total_operacoes =[12, 35, 22, 42, 19, 20, 11, 36, 40, 56, 106, 48, 207, 260, 234, 252, 234, 268, 256, 317, 382, 288, 522, 338, 504, 335, 700];
Total_configurations =[2, 5, 3, 5, 2, 2, 1, 3, 3, 4, 7, 3, 12, 14, 12, 12, 11, 12, 11, 13, 15, 11, 19, 12, 17, 11, 22];
Total_time =[0.0004529999996520928, 0.0005611000005956157, 0.0005713999998988584, 0.0005222999998295563, 0.0006369999991875375, 0.0005529000000024098, 0.0004180000005362672, 0.0006615000002057059, 0.000525999999808846, 0.0007281000007424154, 0.0007453000007444643, 0.0005691999995178776, 0.0015659999999115826, 0.0014872000001560082, 0.0019499000009091105, 0.0013187000004108995, 0.0013132999993104022, 0.002159800000299583, 0.002632400000038615, 0.001651099999435246, 0.002130099999703816, 0.0018701999997574603, 0.0020830999992540455, 0.001649599999836937, 0.002515000000130385, 0.0019956000005549868, 0.002871499999855587];
