_%_%_%_%_%_%_%_%_%_%_%_%_%_%_%_%_%_%_%_%_%_%_%_%_%_%_%_%_%_%_%_%_%_%_%_%_%_%_%_%_%_%_%_%_%
Explicação do cabeçalho
Ks -> Tamanho de conjunto dominante com menos operaçõe efetuadas
Operacoes -> Optimal number of operações
Tempo -> Tempo para encontrar o conjunto dominante com menos operações efetuadas
Solutions -> Conjunto dominante com menos operações efetuadas
Check_if_correct -> Verificar se é realmente um conjunto dominante, 1(V) 0(F) -1(se não foi encontrado nenhum set)
Nota: Na divisão -> Parâmetros correspondentes ao K que retornou solução <- caso exista o valor 0 nas variaveis Ks_solutions, Operacoes, Tempo, N_configurations, Solutions quer dizer que não foi encontra nenhuma solução (0 é o valor default) 
Nº de configurações analisadas para cada valor de K = min(N_combinações, 1000);
_%_%_%_%_%_%_%_%_%_%_%_%_%_%_%_%_%_%_%_%_%_%_%_%_%_%_%_%_%_%_%_%_%_%_%_%_%_%_%_%_%_%_%_%_%


%Todos os parâmetros
P =0.125;
Size =[4, 5, 6, 7, 8, 9, 10, 11, 12, 13, 14, 15, 16, 17, 18, 19, 20, 21, 22, 23, 24, 25, 26, 27, 28, 29, 30];
Ks =[[1, 2, 3], [1, 2, 3, 4], [1, 2, 3, 4, 5], [1, 2, 3, 4, 5], [1, 2, 3, 4, 5], [1, 2, 3, 4, 5, 6], [1, 2, 3, 4, 5], [1, 2, 3, 4, 5], [1, 2, 3, 4, 5], [1, 2, 3, 4, 5], [1, 2, 3, 4, 5, 6], [1, 2, 3, 4, 5, 6], [1, 2, 3, 4, 5, 6], [1, 2, 3, 4, 5, 6, 7], [1, 2, 3, 4, 5, 6, 7], [1, 2, 3, 4, 5, 6, 7], [1, 2, 3, 4, 5, 6, 7, 8], [1, 2, 3, 4, 5, 6, 7], [1, 2, 3, 4, 5, 6, 7, 8], [1, 2, 3, 4, 5, 6, 7, 8], [1, 2, 3, 4, 5, 6, 7, 8, 9], [1, 2, 3, 4, 5, 6, 7, 8], [1, 2, 3, 4, 5, 6, 7, 8, 9], [1, 2, 3, 4, 5, 6, 7, 8, 9], [1, 2, 3, 4, 5, 6, 7, 8, 9], [1, 2, 3, 4, 5, 6, 7, 8, 9, 10], [1, 2, 3, 4, 5, 6, 7, 8, 9, 10, 11]];
Operacoes =[[27, 36, 31], [35, 74, 80, 45], [61, 128, 186, 150, 11], [63, 215, 365, 385, 48], [96, 298, 634, 852, 13], [111, 414, 1029, 1650, 1769, 315], [144, 568, 1596, 2952, 840], [148, 773, 2373, 4974, 400], [159, 954, 3375, 7960, 2448], [227, 1216, 4651, 12211, 1026], [221, 1518, 6302, 18084, 19000, 680], [271, 1877, 8316, 19068, 20000, 4935], [320, 2242, 10805, 20060, 21010, 12144], [351, 2670, 13786, 21052, 22000, 23000, 9744], [373, 3184, 17343, 22020, 23000, 24000, 750], [417, 3759, 21582, 23008, 24000, 25000, 13910], [485, 4310, 23243, 24004, 25005, 26000, 27000, 2212], [480, 5004, 24234, 25008, 26000, 27000, 3052], [558, 5706, 25183, 26012, 27000, 28000, 29000, 2490], [603, 6521, 26171, 27004, 28000, 29000, 30000, 26536], [638, 7428, 27129, 28000, 29000, 30000, 31000, 32000, 7425], [729, 8308, 28090, 29004, 30000, 31000, 32000, 18381], [770, 9346, 29081, 30004, 31000, 32000, 33000, 34000, 10675], [849, 10425, 30063, 31000, 32000, 33000, 34000, 35000, 1908], [880, 11640, 31051, 32004, 33000, 34000, 35000, 36000, 14023], [900, 12934, 32045, 33000, 34000, 35000, 36000, 37000, 38000, 2769], [986, 14214, 33084, 34004, 35000, 36000, 37000, 38000, 39000, 40000, 2952]];
Tempos_tentados =[[0.00021130000095581636, 0.0002175999998144107, 0.00016989999858196825], [0.00017350000052829273, 0.00020030000086990185, 0.00018509999972593505, 0.00017420000040146988], [0.00020320000112405978, 0.00024990000019897707, 0.00028080000083718915, 0.0002523000002838671, 0.0001578999999765074], [0.00020810000023629982, 0.00031680000029155053, 0.00046549999933631625, 0.00046189999920898117, 0.00020310000036261044], [0.00034860000050684903, 0.00035489999936544336, 0.000601400000959984, 0.0009678999995230697, 0.0001990000000660075], [0.0002807000000757398, 0.00048240000069199596, 0.001495799999247538, 0.0014735999993717996, 0.0021495999990293058, 0.0005349000002752291], [0.00028510000083770137, 0.0006412000002455898, 0.0013436000008368865, 0.0025771000000531785, 0.0008636000002297806], [0.0004439999993337551, 0.0013706000008824049, 0.002010899999731919, 0.00445439999930386, 0.0005062000000179978], [0.0003600000000005821, 0.0008667000001878478, 0.0036445999994612066, 0.007472600000255625, 0.0027310000004945323], [0.00043700000060198363, 0.0011660000000119908, 0.004386700000395649, 0.01186980000056792, 0.0012741999998979736], [0.00040049999915936496, 0.0014026999997440726, 0.005264099998385063, 0.018667899999854853, 0.01875819999986561, 0.0008495000001857989], [0.0005087999998067971, 0.0022872000008646864, 0.007753500000035274, 0.01921030000085011, 0.020194900000205962, 0.004020700000182842], [0.0004989999997633277, 0.0019093000009888783, 0.01066270000046643, 0.02123129999927187, 0.02139990000068792, 0.010806099999172147], [0.0008381999996345257, 0.0025442999994993443, 0.014648200000010547, 0.023364000000583474, 0.022778500000640634, 0.02294849999998405, 0.009119599999394268], [0.0006618000006710645, 0.002783800000543124, 0.02234849999877042, 0.024958800000604242, 0.023075400000379886, 0.02504640000006475, 0.0012628000004042406], [0.0009055999998963671, 0.0042775000001711305, 0.022052899999835063, 0.025326100001620944, 0.02392630000031204, 0.024965599999632104, 0.012565299999550916], [0.0009395000015501864, 0.0034254999991389923, 0.02386320000005071, 0.024520099999790546, 0.024994999999762513, 0.025582900001609232, 0.026110200000402983, 0.002537099999244674], [0.0009769000007509021, 0.006829699999798322, 0.028422900000805384, 0.025962800000343123, 0.024357600001167157, 0.02516049999940151, 0.0030130000013741665], [0.0011250999996264, 0.004517699999269098, 0.024408799999946496, 0.025649799999882816, 0.025609399999666493, 0.02581850000024133, 0.02674230000047828, 0.0025098999994952464], [0.0007571999994979706, 0.005427299998700619, 0.02498089999971853, 0.025426899999729358, 0.026213799999823095, 0.027061199998570373, 0.027499299998453353, 0.023110300000553252], [0.0007118000012269476, 0.006030300000929856, 0.025457300000198302, 0.02643039999929897, 0.027616899998974986, 0.027869599998666672, 0.030062400001042988, 0.02904080000007525, 0.006080999999539927], [0.0007779000006848946, 0.007316799999898649, 0.02723879999939527, 0.03096209999966959, 0.029376399999819114, 0.03278470000077505, 0.03099330000077316, 0.01734319999923173], [0.0011266000001342036, 0.008048499999858905, 0.03731830000106129, 0.029026099999100552, 0.03341790000013134, 0.030293499999970663, 0.031122799999138806, 0.031991600000765175, 0.00960789999953704], [0.001790199999959441, 0.00946279999880062, 0.027994599999146885, 0.028993800000534975, 0.030017399998541805, 0.030382799999642884, 0.03114159999859112, 0.03142839999964053, 0.0016516000014235033], [0.000991799999610521, 0.010179099999731989, 0.028647299999647657, 0.02957359999891196, 0.030778700000155368, 0.03140320000056818, 0.032642500000292785, 0.03227789999982633, 0.011849900000015623], [0.001366099999358994, 0.011281700000836281, 0.029243400000268593, 0.030457599999863305, 0.03128400000059628, 0.0326602000004641, 0.033675200000288896, 0.034055399999488145, 0.03570140000010724, 0.0026550000002316665], [0.0009866000000329223, 0.011528300001373282, 0.030292599998574588, 0.03236260000085167, 0.04086530000131461, 0.03439029999935883, 0.03454469999996945, 0.03450599999996484, 0.035436699999991106, 0.049607799999648705, 0.0027430999998614425]];
N_Configurations =[[4, 6, 4], [5, 10, 10, 5], [6, 15, 20, 15, 1], [7, 21, 35, 35, 4], [8, 28, 56, 70, 1], [9, 36, 84, 126, 126, 21], [10, 45, 120, 210, 56], [11, 55, 165, 330, 25], [12, 66, 220, 495, 144], [13, 78, 286, 715, 57], [14, 91, 364, 1000, 1000, 34], [15, 105, 455, 1000, 1000, 235], [16, 120, 560, 1000, 1000, 552], [17, 136, 680, 1000, 1000, 1000, 406], [18, 153, 816, 1000, 1000, 1000, 30], [19, 171, 969, 1000, 1000, 1000, 535], [20, 190, 1000, 1000, 1000, 1000, 1000, 79], [21, 210, 1000, 1000, 1000, 1000, 109], [22, 231, 1000, 1000, 1000, 1000, 1000, 83], [23, 253, 1000, 1000, 1000, 1000, 1000, 856], [24, 276, 1000, 1000, 1000, 1000, 1000, 1000, 225], [25, 300, 1000, 1000, 1000, 1000, 1000, 557], [26, 325, 1000, 1000, 1000, 1000, 1000, 1000, 305], [27, 351, 1000, 1000, 1000, 1000, 1000, 1000, 53], [28, 378, 1000, 1000, 1000, 1000, 1000, 1000, 379], [29, 406, 1000, 1000, 1000, 1000, 1000, 1000, 1000, 71], [30, 435, 1000, 1000, 1000, 1000, 1000, 1000, 1000, 1000, 72]];

%Parâmetros correspondentes ao K que retornou solução
Ks_solution =[0, 0, 5, 5, 5, 6, 5, 5, 5, 5, 6, 6, 6, 7, 7, 7, 8, 7, 8, 8, 9, 8, 9, 9, 9, 10, 11];
Operacoes =[0, 0, 11, 48, 13, 315, 840, 400, 2448, 1026, 680, 4935, 12144, 9744, 750, 13910, 2212, 3052, 2490, 26536, 7425, 18381, 10675, 1908, 14023, 2769, 2952];
Tempo =[0, 0, 0.0001578999999765074, 0.00020310000036261044, 0.0001990000000660075, 0.0005349000002752291, 0.0008636000002297806, 0.0005062000000179978, 0.0027310000004945323, 0.0012741999998979736, 0.0008495000001857989, 0.004020700000182842, 0.010806099999172147, 0.009119599999394268, 0.0012628000004042406, 0.012565299999550916, 0.002537099999244674, 0.0030130000013741665, 0.0025098999994952464, 0.023110300000553252, 0.006080999999539927, 0.01734319999923173, 0.00960789999953704, 0.0016516000014235033, 0.011849900000015623, 0.0026550000002316665, 0.0027430999998614425];
N_Configurations =[0, 0, 1, 4, 1, 21, 56, 25, 144, 57, 34, 235, 552, 406, 30, 535, 79, 109, 83, 856, 225, 557, 305, 53, 379, 71, 72];
Solutions =[0, 0, {0, 1, 2, 3, 5}, {0, 1, 2, 3, 4}, {0, 1, 2, 3, 4}, {1, 2, 3, 5, 6, 8}, {0, 5, 7, 8, 9}, {0, 5, 7, 8, 9}, {5, 6, 7, 8, 9}, {5, 6, 7, 8, 9}, {0, 4, 6, 7, 8, 9}, {1, 4, 7, 8, 12, 14}, {2, 4, 6, 7, 8, 9}, {2, 4, 7, 8, 11, 12, 14}, {2, 4, 6, 7, 8, 9, 16}, {2, 4, 7, 11, 12, 14, 17}, {2, 5, 6, 7, 8, 13, 16, 17}, {2, 7, 12, 13, 14, 17, 19}, {2, 7, 8, 11, 13, 18, 19, 21}, {3, 11, 13, 15, 17, 18, 19, 21}, {2, 4, 10, 11, 17, 18, 19, 21, 22}, {3, 4, 6, 7, 8, 13, 18, 20}, {4, 5, 6, 10, 15, 17, 18, 22, 25}, {1, 2, 5, 8, 9, 12, 18, 24, 25}, {5, 7, 8, 11, 15, 18, 21, 24, 26}, {0, 2, 3, 4, 5, 6, 10, 17, 18, 28}, {0, 2, 5, 7, 8, 13, 14, 20, 23, 25, 26}];
Check_if_correct =[-1, -1, 1, 1, 1, 1, 1, 1, 1, 1, 1, 1, 1, 1, 1, 1, 1, 1, 1, 1, 1, 1, 1, 1, 1, 1, 1];

%Parâmetros para gráficos
Total_operacoes =[94, 234, 536, 1076, 1893, 5288, 6100, 8668, 14896, 19331, 45805, 54467, 66581, 92603, 90670, 111676, 132259, 110778, 143949, 173835, 192620, 177512, 209876, 208245, 227598, 261648, 310240];
Total_configurations =[14, 30, 57, 102, 163, 402, 441, 586, 937, 1149, 2503, 2810, 3248, 4239, 4017, 4694, 5289, 4340, 5336, 6132, 6525, 5882, 6656, 6431, 6785, 7506, 8537];
Total_time =[0.0005987999993521953, 0.0007331000015255995, 0.0011441000024206005, 0.0016553999994357582, 0.0024718000004213536, 0.006416999998691608, 0.005710600002203137, 0.008786099999269936, 0.015074900000399793, 0.019133700001475518, 0.04534289999719476, 0.05397540000194567, 0.06650830000035057, 0.09624129999974684, 0.10013750000143773, 0.11401930000101856, 0.13197350000154984, 0.11472340000364056, 0.13638149999860616, 0.16047689999504655, 0.1793004999999539, 0.17679320000024745, 0.21195319999969797, 0.19286319999628176, 0.2083439999987604, 0.2423800000015035, 0.30726400000094145];


%Todos os parâmetros
P =0.25;
Size =[4, 5, 6, 7, 8, 9, 10, 11, 12, 13, 14, 15, 16, 17, 18, 19, 20, 21, 22, 23, 24, 25, 26, 27, 28, 29, 30];
Ks =[[1, 2, 3], [1, 2, 3], [1, 2, 3, 4], [1, 2, 3], [1, 2, 3], [1, 2, 3, 4], [1, 2, 3], [1, 2, 3], [1, 2, 3, 4, 5], [1, 2, 3, 4], [1, 2, 3, 4], [1, 2, 3, 4], [1, 2, 3, 4], [1, 2, 3, 4], [1, 2, 3, 4], [1, 2, 3, 4], [1, 2, 3, 4], [1, 2, 3, 4, 5], [1, 2, 3, 4, 5, 6], [1, 2, 3, 4, 5, 6, 7], [1, 2, 3, 4, 5, 6, 7], [1, 2, 3, 4, 5, 6], [1, 2, 3, 4, 5, 6, 7], [1, 2, 3, 4, 5, 6, 7], [1, 2, 3, 4, 5, 6], [1, 2, 3, 4, 5], [1, 2, 3, 4, 5, 6]];
Operacoes =[[20, 36, 28], [46, 74, 16], [51, 134, 183, 20], [70, 209, 30], [77, 298, 482], [115, 414, 1041, 91], [144, 572, 802], [141, 747, 14], [199, 960, 3369, 7984, 493], [192, 1246, 4657, 7470], [232, 1532, 6302, 1062], [259, 1873, 8313, 6312], [314, 2258, 10799, 220], [406, 2704, 13828, 8408], [364, 3158, 17379, 1584], [426, 3701, 21609, 1104], [481, 4356, 23270, 10424], [494, 4996, 24192, 25008, 650], [530, 5728, 25186, 26004, 27000, 2492], [576, 6541, 26162, 27008, 28000, 29000, 60], [639, 7378, 27102, 28004, 29000, 30000, 4619], [694, 8334, 28111, 29012, 30000, 9424], [754, 9322, 29087, 30000, 31000, 32000, 3828], [843, 10483, 30090, 31004, 32000, 33000, 4760], [908, 11596, 31075, 32004, 33000, 13328], [931, 12876, 32072, 33000, 11628], [1028, 14264, 33075, 34008, 35000, 13428]];
Tempos_tentados =[[0.00018050000107905362, 0.00017010000010486692, 0.00020150000091234688], [0.00025739999910001643, 0.0002715999999054475, 0.00018030000137514435], [0.00019099999917671084, 0.0002888000017264858, 0.00030479999986710027, 0.00016489999870827887], [0.00022739999985788018, 0.0003321999993204372, 0.0001905999997688923], [0.00026559999969322234, 0.0007429999986925395, 0.0009217999995598802], [0.0002719000003708061, 0.0005703999995603226, 0.0010729000005085254, 0.00026340000113123097], [0.00046629999997094274, 0.000915000000532018, 0.0008223999993788311], [0.00031350000062957406, 0.0008565000007365597, 0.00019629999951575883], [0.0004653999985748669, 0.0009458000004087808, 0.0030205999992176658, 0.007780199999615434, 0.0007469000011042226], [0.00032189999910769984, 0.0012765999999828637, 0.004902799999399576, 0.007573900000352296], [0.0005697999986296054, 0.0016554000012547476, 0.00624940000125207, 0.0010244999994029058], [0.00041419999979552813, 0.0016329999998561107, 0.008089000000836677, 0.00585500000124739], [0.0004528999998001382, 0.0024699999994481914, 0.014353700000356184, 0.000774799998907838], [0.0005780999999842606, 0.002888600000005681, 0.014188099999955739, 0.007897999999840977], [0.0005287999993015546, 0.0026895000009972136, 0.018036999999822, 0.0022623999993811594], [0.0006463999998231884, 0.0044405999997252366, 0.02219609999883687, 0.0012401000003592344], [0.000632499999483116, 0.003967399999964982, 0.02429630000006, 0.009715599999253755], [0.0010003000006690854, 0.0043089000009786105, 0.024736199999097153, 0.025179000000207452, 0.0008660000003146706], [0.0005899000007048016, 0.004988400000002002, 0.025078399999983958, 0.026216400001430884, 0.02642550000018673, 0.002102099999319762], [0.0006461000011768192, 0.005398100000093109, 0.025843000001259497, 0.026216199999907985, 0.02709549999963201, 0.028306500000326196, 0.0002669000004971167], [0.0007044999983918387, 0.006333699999231612, 0.02691669999876467, 0.02792579999913869, 0.02981539999927918, 0.029751699999906123, 0.004723800000647316], [0.0009483000012551202, 0.00710129999970377, 0.028050500000972534, 0.029344800001126714, 0.029480199998943135, 0.00846819999969739], [0.0009766000002855435, 0.008173899999746936, 0.028529699999126024, 0.029596000000310596, 0.030176800000845105, 0.031500799999776063, 0.003573899999537389], [0.001512800001364667, 0.009088300001167227, 0.030808299999989686, 0.03052449999995588, 0.032277199999953154, 0.03187509999952454, 0.00441309999951045], [0.0012389000003167894, 0.010784000000057858, 0.030932100000427454, 0.030781800000113435, 0.03269419999924139, 0.011575800001082825], [0.001240400000824593, 0.011580700000195066, 0.03083619999961229, 0.031265599998732796, 0.009984300000724033], [0.0015328999998018844, 0.013011300001380732, 0.04035499999918102, 0.03307999999924505, 0.033416500000384985, 0.011442400000305497]];
N_Configurations =[[4, 6, 4], [5, 10, 2], [6, 15, 20, 2], [7, 21, 3], [8, 28, 43], [9, 36, 84, 7], [10, 45, 61], [11, 55, 1], [12, 66, 220, 495, 29], [13, 78, 286, 438], [14, 91, 364, 59], [15, 105, 455, 332], [16, 120, 560, 11], [17, 136, 680, 400], [18, 153, 816, 72], [19, 171, 969, 48], [20, 190, 1000, 434], [21, 210, 1000, 1000, 25], [22, 231, 1000, 1000, 1000, 89], [23, 253, 1000, 1000, 1000, 1000, 2], [24, 276, 1000, 1000, 1000, 1000, 149], [25, 300, 1000, 1000, 1000, 304], [26, 325, 1000, 1000, 1000, 1000, 116], [27, 351, 1000, 1000, 1000, 1000, 140], [28, 378, 1000, 1000, 1000, 392], [29, 406, 1000, 1000, 342], [30, 435, 1000, 1000, 1000, 373]];

%Parâmetros correspondentes ao K que retornou solução
Ks_solution =[0, 3, 4, 3, 3, 4, 3, 3, 5, 4, 4, 4, 4, 4, 4, 4, 4, 5, 6, 7, 7, 6, 7, 7, 6, 5, 6];
Operacoes =[0, 16, 20, 30, 482, 91, 802, 14, 493, 7470, 1062, 6312, 220, 8408, 1584, 1104, 10424, 650, 2492, 60, 4619, 9424, 3828, 4760, 13328, 11628, 13428];
Tempo =[0, 0.00018030000137514435, 0.00016489999870827887, 0.0001905999997688923, 0.0009217999995598802, 0.00026340000113123097, 0.0008223999993788311, 0.00019629999951575883, 0.0007469000011042226, 0.007573900000352296, 0.0010244999994029058, 0.00585500000124739, 0.000774799998907838, 0.007897999999840977, 0.0022623999993811594, 0.0012401000003592344, 0.009715599999253755, 0.0008660000003146706, 0.002102099999319762, 0.0002669000004971167, 0.004723800000647316, 0.00846819999969739, 0.003573899999537389, 0.00441309999951045, 0.011575800001082825, 0.009984300000724033, 0.011442400000305497];
N_Configurations =[0, 2, 2, 3, 43, 7, 61, 1, 29, 438, 59, 332, 11, 400, 72, 48, 434, 25, 89, 2, 149, 304, 116, 140, 392, 342, 373];
Solutions =[0, {2, 3, 4}, {0, 2, 3, 5}, {4, 5, 6}, {0, 5, 6}, {4, 5, 6, 7}, {9, 2, 4}, {9, 2, 4}, {1, 2, 4, 9, 11}, {9, 2, 12, 4}, {9, 2, 12, 13}, {13, 5, 6, 7}, {8, 9, 12, 4}, {8, 9, 12, 13}, {9, 13, 6, 15}, {1, 13, 6, 15}, {9, 13, 6, 15}, {2, 9, 12, 13, 19}, {0, 5, 8, 11, 12, 20}, {0, 6, 9, 12, 15, 21, 22}, {8, 9, 12, 13, 14, 21, 22}, {7, 9, 14, 17, 20, 23}, {1, 3, 14, 15, 18, 21, 23}, {1, 3, 7, 14, 16, 23, 25}, {1, 7, 9, 12, 14, 23}, {0, 3, 6, 15, 27}, {15, 22, 24, 25, 27, 28}];
Check_if_correct =[-1, 1, 1, 1, 1, 1, 1, 1, 1, 1, 1, 1, 1, 1, 1, 1, 1, 1, 1, 1, 1, 1, 1, 1, 1, 1, 1];

%Parâmetros para gráficos
Total_operacoes =[84, 136, 388, 309, 857, 1661, 1518, 902, 13005, 13565, 9128, 16757, 13591, 25346, 22485, 26840, 38531, 55340, 86940, 117347, 126742, 105575, 135991, 142180, 121911, 90507, 130803];
Total_configurations =[14, 17, 43, 31, 79, 136, 116, 67, 822, 815, 528, 907, 707, 1233, 1059, 1207, 1644, 2256, 3342, 4278, 4449, 3629, 4467, 4518, 3798, 2777, 3838];
Total_time =[0.0005521000020962674, 0.0007093000003806083, 0.0009494999994785758, 0.0007501999989472097, 0.001930399997945642, 0.002178600001570885, 0.002203699999881792, 0.0013663000008818926, 0.01295889999892097, 0.014075199998842436, 0.009499100000539329, 0.015991200001735706, 0.018051399998512352, 0.025552799999786657, 0.02351769999950193, 0.02852319999874453, 0.03861179999876185, 0.05609040000126697, 0.08540070000162814, 0.11377230000289273, 0.12617159999535943, 0.10339330000169866, 0.13252769999962766, 0.1404993000014656, 0.11800680000123975, 0.08490720000008878, 0.13283810000029916];


%Todos os parâmetros
P =0.5;
Size =[4, 5, 6, 7, 8, 9, 10, 11, 12, 13, 14, 15, 16, 17, 18, 19, 20, 21, 22, 23, 24, 25, 26, 27, 28, 29, 30];
Ks =[[1, 2], [1, 2], [1, 2], [1, 2], [1, 2], [1, 2, 3], [1, 2], [1, 2], [1, 2], [1, 2], [1, 2], [1, 2], [1, 2], [1, 2], [1, 2], [1, 2], [1, 2, 3], [1, 2], [1, 2, 3], [1, 2], [1, 2], [1, 2], [1, 2, 3], [1, 2, 3], [1, 2, 3], [1, 2, 3], [1, 2, 3]];
Operacoes =[[21, 6], [34, 7], [48, 32], [64, 54], [87, 84], [98, 428, 60], [116, 84], [143, 335], [176, 430], [196, 332], [220, 668], [278, 618], [292, 1072], [346, 612], [381, 1528], [409, 1561], [480, 4366, 1081], [551, 4825], [546, 5678, 25], [611, 5037], [678, 2598], [714, 6645], [751, 9282, 116], [801, 10443, 240], [889, 11624, 1922], [894, 12936, 704], [1006, 14214, 495]];
Tempos_tentados =[[0.000247500000114087, 0.0001778999994712649], [0.0001847000003181165, 0.00014820000069448724], [0.0001883000004454516, 0.00024419999863312114], [0.00024929999926825985, 0.00019830000019283034], [0.0002652000002854038, 0.00023460000011255033], [0.0002604000001156237, 0.0005625000012514647, 0.0002554000002419343], [0.0003531000002112705, 0.0003040999999939231], [0.0002684999999473803, 0.00040249999983643647], [0.0003296000013506273, 0.0005140000012033852], [0.0003403000009711832, 0.0006804999993619276], [0.0005266000007395633, 0.0006943000007595401], [0.0007178999985626433, 0.0006811999992351048], [0.0007473999994545011, 0.0014779999983147718], [0.0005021999986638548, 0.0006682000002911082], [0.0006278000000747852, 0.0022315000005619368], [0.0005005000002711313, 0.0014767000011488562], [0.0010509999992791563, 0.0038014999990991782, 0.0019494999996823026], [0.0010856000008061528, 0.0050848999999288935], [0.0010234000001219101, 0.005181900000025053, 0.00022480000006908085], [0.0007638000006409129, 0.0044304999992164085], [0.0007470000000466825, 0.0023020999997243052], [0.0009417000001121778, 0.006453099998907419], [0.0010017000004154397, 0.00876339999922493, 0.0002834999995684484], [0.0008402999992540572, 0.009826999999859254, 0.0005452000004879665], [0.0009457999985897914, 0.010947700000542682, 0.002079900001263013], [0.0013894999992771773, 0.012445500000467291, 0.0008775999995123129], [0.0011199999989912612, 0.013317299999471288, 0.0008460000008199131]];
N_Configurations =[[4, 1], [5, 1], [6, 4], [7, 6], [8, 8], [9, 36, 5], [10, 7], [11, 25], [12, 30], [13, 22], [14, 41], [15, 36], [16, 58], [17, 32], [18, 75], [19, 73], [20, 190, 47], [21, 203], [22, 231, 1], [23, 197], [24, 99], [25, 239], [26, 325, 4], [27, 351, 8], [28, 378, 62], [29, 406, 22], [30, 435, 15]];

%Parâmetros correspondentes ao K que retornou solução
Ks_solution =[2, 2, 2, 2, 2, 3, 2, 2, 2, 2, 2, 2, 2, 2, 2, 2, 3, 2, 3, 2, 2, 2, 3, 3, 3, 3, 3];
Operacoes =[6, 7, 32, 54, 84, 60, 84, 335, 430, 332, 668, 618, 1072, 612, 1528, 1561, 1081, 4825, 25, 5037, 2598, 6645, 116, 240, 1922, 704, 495];
Tempo =[0.0001778999994712649, 0.00014820000069448724, 0.00024419999863312114, 0.00019830000019283034, 0.00023460000011255033, 0.0002554000002419343, 0.0003040999999939231, 0.00040249999983643647, 0.0005140000012033852, 0.0006804999993619276, 0.0006943000007595401, 0.0006811999992351048, 0.0014779999983147718, 0.0006682000002911082, 0.0022315000005619368, 0.0014767000011488562, 0.0019494999996823026, 0.0050848999999288935, 0.00022480000006908085, 0.0044304999992164085, 0.0023020999997243052, 0.006453099998907419, 0.0002834999995684484, 0.0005452000004879665, 0.002079900001263013, 0.0008775999995123129, 0.0008460000008199131];
N_Configurations =[1, 1, 4, 6, 8, 5, 7, 25, 30, 22, 41, 36, 58, 32, 75, 73, 47, 203, 1, 197, 99, 239, 4, 8, 62, 22, 15];
Solutions =[{0, 1}, {0, 2}, {0, 2}, {2, 3}, {2, 3}, {1, 3, 4}, {9, 6}, {9, 10}, {9, 4}, {2, 10}, {10, 2}, {9, 4}, {10, 2}, {10, 2}, {10, 2}, {2, 10}, {9, 19, 4}, {2, 10}, {2, 10, 20}, {2, 10}, {10, 2}, {2, 10}, {9, 19, 4}, {10, 11, 22}, {0, 2, 19}, {19, 10, 2}, {24, 25, 17}];
Check_if_correct =[1, 1, 1, 1, 1, 1, 1, 1, 1, 1, 1, 1, 1, 1, 1, 1, 1, 1, 1, 1, 1, 1, 1, 1, 1, 1, 1];

%Parâmetros para gráficos
Total_operacoes =[27, 41, 80, 118, 171, 586, 200, 478, 606, 528, 888, 896, 1364, 958, 1909, 1970, 5927, 5376, 6249, 5648, 3276, 7359, 10149, 11484, 14435, 14534, 15715];
Total_configurations =[5, 6, 10, 13, 16, 50, 17, 36, 42, 35, 55, 51, 74, 49, 93, 92, 257, 224, 254, 220, 123, 264, 355, 386, 468, 457, 480];
Total_time =[0.0004253999995853519, 0.00033290000101260375, 0.00043249999907857273, 0.0004475999994610902, 0.0004998000003979541, 0.0010783000016090227, 0.0006572000002051936, 0.0006709999997838167, 0.0008436000025540125, 0.0010208000003331108, 0.0012209000014991034, 0.001399099997797748, 0.002225399997769273, 0.001170399998954963, 0.002859300000636722, 0.0019772000014199875, 0.006801999998060637, 0.006170500000735046, 0.0064301000002160436, 0.005194299999857321, 0.0030490999997709878, 0.007394799999019597, 0.010048599999208818, 0.011212499999601278, 0.013973400000395486, 0.014712599999256781, 0.015283299999282463];


%Todos os parâmetros
P =0.75;
Size =[4, 5, 6, 7, 8, 9, 10, 11, 12, 13, 14, 15, 16, 17, 18, 19, 20, 21, 22, 23, 24, 25, 26, 27, 28, 29, 30];
Ks =[[1], [1], [1], [1], [1], [1], [1], [1], [1], [1], [1], [1], [1, 2], [1, 2], [1, 2], [1, 2], [1, 2], [1, 2], [1, 2], [1, 2], [1, 2], [1, 2], [1, 2], [1, 2], [1, 2], [1, 2], [1, 2]];
Operacoes =[[23], [18], [7], [60], [9], [31], [94], [148], [13], [85], [61], [183], [305, 90], [344, 38], [364, 80], [468, 105], [473, 44], [496, 23], [518, 24], [608, 125], [670, 52], [696, 297], [772, 168], [832, 232], [862, 120], [957, 124], [989, 1024]];
Tempos_tentados =[[0.000247500000114087], [0.00025099999947997276], [0.00019489999976940453], [0.00031739999940327834], [0.00021569999989878852], [0.0002193000000261236], [0.00037960000008752104], [0.00030900000092515256], [0.0002066000015474856], [0.0002313999993930338], [0.0002122999994753627], [0.000335599999743863], [0.0005240999998932239, 0.00023689999943599105], [0.0004578000007313676, 0.00023229999897012021], [0.0006607000013900688, 0.0002555999999458436], [0.0008529999995516846, 0.0003974999999627471], [0.0010458999986440176, 0.00025070000083360355], [0.0005993999984639231, 0.0001799000001483364], [0.0007052000000840053, 0.00017449999904783908], [0.0006790000006731134, 0.0003042999996978324], [0.0008042000008572359, 0.0002061000013782177], [0.0013605000003735768, 0.0004456000006030081], [0.0009119999995164108, 0.00032359999931941275], [0.0009709999994811369, 0.0005473999990499578], [0.0009902999991027173, 0.00047590000031050295], [0.0015226000014081364, 0.0003797999997914303], [0.0010807999988173833, 0.0010913999994954793]];
N_Configurations =[[4], [3], [1], [7], [1], [3], [8], [11], [1], [6], [4], [11], [16, 5], [17, 2], [18, 4], [19, 5], [20, 2], [21, 1], [22, 1], [23, 5], [24, 2], [25, 11], [26, 6], [27, 8], [28, 4], [29, 4], [30, 32]];

%Parâmetros correspondentes ao K que retornou solução
Ks_solution =[1, 1, 1, 1, 1, 1, 1, 1, 1, 1, 1, 1, 2, 2, 2, 2, 2, 2, 2, 2, 2, 2, 2, 2, 2, 2, 2];
Operacoes =[23, 18, 7, 60, 9, 31, 94, 148, 13, 85, 61, 183, 90, 38, 80, 105, 44, 23, 24, 125, 52, 297, 168, 232, 120, 124, 1024];
Tempo =[0.000247500000114087, 0.00025099999947997276, 0.00019489999976940453, 0.00031739999940327834, 0.00021569999989878852, 0.0002193000000261236, 0.00037960000008752104, 0.00030900000092515256, 0.0002066000015474856, 0.0002313999993930338, 0.0002122999994753627, 0.000335599999743863, 0.00023689999943599105, 0.00023229999897012021, 0.0002555999999458436, 0.0003974999999627471, 0.00025070000083360355, 0.0001799000001483364, 0.00017449999904783908, 0.0003042999996978324, 0.0002061000013782177, 0.0004456000006030081, 0.00032359999931941275, 0.0005473999990499578, 0.00047590000031050295, 0.0003797999997914303, 0.0010913999994954793];
N_Configurations =[4, 3, 1, 7, 1, 3, 8, 11, 1, 6, 4, 11, 5, 2, 4, 5, 2, 1, 1, 5, 2, 11, 6, 8, 4, 4, 32];
Solutions =[{2}, {2}, {2}, {2}, {7}, {7}, {7}, {2}, {2}, {2}, {2}, {2}, {3, 7}, {16, 6}, {16, 5}, {9, 17}, {14, 6}, {2, 20}, {16, 21}, {14, 15}, {16, 0}, {16, 15}, {24, 15}, {19, 14}, {16, 21}, {3, 7}, {16, 0}];
Check_if_correct =[1, 1, 1, 1, 1, 1, 1, 1, 1, 1, 1, 1, 1, 1, 1, 1, 1, 1, 1, 1, 1, 1, 1, 1, 1, 1, 1];

%Parâmetros para gráficos
Total_operacoes =[23, 18, 7, 60, 9, 31, 94, 148, 13, 85, 61, 183, 395, 382, 444, 573, 517, 519, 542, 733, 722, 993, 940, 1064, 982, 1081, 2013];
Total_configurations =[4, 3, 1, 7, 1, 3, 8, 11, 1, 6, 4, 11, 21, 19, 22, 24, 22, 22, 23, 28, 26, 36, 32, 35, 32, 33, 62];
Total_time =[0.000247500000114087, 0.00025099999947997276, 0.00019489999976940453, 0.00031739999940327834, 0.00021569999989878852, 0.0002193000000261236, 0.00037960000008752104, 0.00030900000092515256, 0.0002066000015474856, 0.0002313999993930338, 0.0002122999994753627, 0.000335599999743863, 0.0007609999993292149, 0.0006900999997014878, 0.0009163000013359124, 0.0012504999995144317, 0.0012965999994776212, 0.0007792999986122595, 0.0008796999991318444, 0.0009833000003709458, 0.0010103000022354536, 0.0018061000009765849, 0.0012355999988358235, 0.0015183999985310948, 0.0014661999994132202, 0.0019024000011995668, 0.0021721999983128626];
