_%_%_%_%_%_%_%_%_%_%_%_%_%_%_%_%_%_%_%_%_%_%_%_%_%_%_%_%_%_%_%_%_%_%_%_%_%_%_%_%_%_%_%_%_%
Explicação do cabeçalho
Ks -> Tamanho de conjunto dominante com menos operaçõe efetuadas
Operacoes -> Optimal number of operações
Tempo -> Tempo para encontrar o conjunto dominante com menos operações efetuadas
Solutions -> Conjunto dominante com menos operações efetuadas
Check_if_correct -> Verificar se é realmente um conjunto dominante, 1(V) 0(F) -1(se não foi encontrada solução)
Nota: Na divisão -> Parâmetros correspondentes ao K que retornou solução <- caso exista o valor 0 nas variaveis Ks_solutions, Operacoes, Tempo, N_configurations, Solutions quer dizer que não foi encontra nenhuma solução (0 é o valor default) 
_%_%_%_%_%_%_%_%_%_%_%_%_%_%_%_%_%_%_%_%_%_%_%_%_%_%_%_%_%_%_%_%_%_%_%_%_%_%_%_%_%_%_%_%_%


%Todos os parâmetros
P =0.125;
Size =[4, 5, 6, 7, 8, 9, 10, 11, 12, 13, 14, 15, 16, 17, 18, 19, 20, 21, 22, 23, 24, 25, 26, 27, 28, 29, 30];
Ks =[[1, 2, 3], [1, 2, 3, 4], [1, 2, 3, 4, 5], [1, 2, 3, 4, 5], [1, 2, 3, 4, 5], [1, 2, 3, 4, 5, 6], [1, 2, 3, 4, 5], [1, 2, 3, 4, 5], [1, 2, 3, 4, 5], [1, 2, 3, 4, 5], [1, 2, 3, 4, 5], [1, 2, 3, 4, 5, 6], [1, 2, 3, 4, 5, 6], [1, 2, 3, 4, 5, 6, 7], [1, 2, 3, 4, 5, 6, 7], [1, 2, 3, 4, 5, 6], [1, 2, 3, 4, 5, 6, 7], [1, 2, 3, 4, 5, 6, 7], [1, 2, 3, 4, 5, 6, 7], [1, 2, 3, 4, 5, 6, 7], [1, 2, 3, 4, 5, 6, 7], [1, 2, 3, 4, 5, 6, 7], [1, 2, 3, 4, 5, 6, 7], [1, 2, 3, 4, 5, 6, 7], [1, 2, 3, 4, 5, 6, 7], [1, 2, 3, 4, 5, 6, 7], [1, 2, 3, 4, 5, 6, 7, 8]];
Operacoes =[[64, 72, 32], [125, 200, 150, 50], [216, 450, 480, 270, 6], [343, 882, 1225, 980, 7], [512, 1568, 2688, 2800, 8], [729, 2592, 5292, 6804, 5670, 36], [1000, 4050, 9600, 14700, 1010], [1331, 6050, 16335, 29040, 2112], [1728, 8712, 26400, 53460, 9084], [2197, 12168, 40898, 92950, 15561], [2744, 16562, 61152, 154154, 25298], [3375, 22050, 88725, 245700, 495495, 24375], [4096, 28800, 125440, 378560, 838656, 52304], [4913, 36992, 173400, 566440, 1367548, 2524704, 151198], [5832, 46818, 235008, 826200, 2159136, 4343976, 244854], [6859, 58482, 312987, 1178304, 3313980, 311923], [8000, 72200, 410400, 1647300, 4961280, 11628000, 606460], [9261, 88200, 530670, 2262330, 7264593, 18232704, 902286], [10648, 106722, 677600, 3057670, 10428264, 27905262, 1313620], [12167, 128018, 855393, 4073300, 14704613, 41792058, 3038898], [13824, 152352, 1068672, 5355504, 20401920, 61375776, 4311576], [15625, 180000, 1322500, 6957500, 27893250, 88550000, 8171775], [17576, 211250, 1622400, 8940100, 37626160, 125705580, 3434626], [19683, 246402, 1974375, 11372400, 50133330, 175829940, 15622200], [21952, 285768, 2384928, 14332500, 66044160, 242620560, 20993392], [24389, 329672, 2861082, 17908254, 86097375, 330613920, 27871726], [27000, 378450, 3410400, 22198050, 111154680, 445331250, 1465776000, 15411960]];
Tempos_tentados =[[0.0002612000098451972, 0.0001623000716790557, 0.00010680011473596096], [0.0002465000143274665, 0.0005972000071778893, 0.00042070006020367146, 0.0001639999682083726], [0.0008653000695630908, 0.001275199931114912, 0.0014164999593049288, 0.0009106999495998025, 5.879998207092285e-05], [0.0006082000909373164, 0.0016882000491023064, 0.003652599989436567, 0.0021825999720022082, 7.940002251416445e-05], [0.0011605999898165464, 0.0024688999401405454, 0.0037680999375879765, 0.003489099908620119, 0.00014739995822310448], [0.002056799945421517, 0.0033190000103786588, 0.006596700055524707, 0.007153499987907708, 0.007930699968710542, 0.0004008000250905752], [0.0013145999982953072, 0.007224600063636899, 0.010578199988231063, 0.023992100032046437, 0.0018025999888777733], [0.0029673000099137425, 0.0071440000319853425, 0.037685299990698695, 0.03754109994042665, 0.002815999905578792], [0.0027344999834895134, 0.011117399903014302, 0.03100259997881949, 0.06334230001084507, 0.010282599949277937], [0.0033549999352544546, 0.015229200012981892, 0.057601100066676736, 0.10886690008919686, 0.018810799927450716], [0.01377180009149015, 0.029753999901004136, 0.07509459997527301, 0.1785294000292197, 0.0291326999431476], [0.00824799994006753, 0.029477700009010732, 0.1064171000616625, 0.28308879991527647, 0.626304000033997, 0.03227999992668629], [0.014391100034117699, 0.0451693000504747, 0.15524059999734163, 0.4135063999565318, 1.040704399929382, 0.0656263999408111], [0.02168310002889484, 0.056652899947948754, 0.27559880004264414, 0.6435478000203148, 1.6577789000002667, 2.93752520007547, 0.17834530002437532], [0.03652049996890128, 0.08318020007573068, 0.467347199912183, 0.913014700054191, 2.664067400037311, 4.770881299977191, 0.2715834000846371], [0.0663339999737218, 0.14288090006448328, 0.3918347000144422, 1.6576540999813005, 4.6555167000042275, 0.529583299998194], [0.15616390004288405, 0.23847560002468526, 1.4128372999839485, 2.9489411000395194, 8.149596099974588, 15.936791999964043, 0.8027437999844551], [0.26760170003399253, 0.3551314000505954, 0.8449886998860165, 3.479146199999377, 9.255508199916221, 21.908707299968228, 1.3792724000522867], [0.5013226000592113, 0.5645946000004187, 1.2241284999763593, 4.167449499946088, 13.16700299992226, 32.52741079998668, 1.5616773999063298], [0.8314293000148609, 1.0152098999824375, 1.8028520999941975, 6.017711300053634, 18.439110500039533, 49.36116549989674, 3.717594699934125], [1.6760563000570983, 1.9726976999081671, 2.9966206999961287, 7.840665699914098, 26.60012329998426, 75.78328689991031, 5.62156070000492], [3.622499000048265, 3.5447996000293642, 4.793900200049393, 11.94779489992652, 37.66888629994355, 112.64247570000589, 10.518658000044525], [6.646164599922486, 6.795477099949494, 8.568778100074269, 17.91689710004721, 52.80437719996553, 162.23900419997517, 4.56810619996395], [13.900871900026686, 13.807978400029242, 15.599812000058591, 28.396268700016662, 76.58950210001785, 234.60838730004616, 19.375691100023687], [28.038601399981417, 28.422505699913017, 30.75922410003841, 46.50087290001102, 110.18015280005056, 333.0671513999114, 27.094156399951316], [57.24220360000618, 56.17512089991942, 61.49245100002736, 80.31379299995024, 164.18592439999338, 472.4790704000043, 35.642758999951184], [118.91282309999224, 115.69910169998184, 118.70430450001732, 140.69059559993912, 254.10892880009487, 679.2414347999729, 1970.0443596999394, 20.44315499998629]];
N_Configurations =[[16, 18, 8], [25, 40, 30, 10], [36, 75, 80, 45, 1], [49, 126, 175, 140, 1], [64, 196, 336, 350, 1], [81, 288, 588, 756, 630, 4], [100, 405, 960, 1470, 101], [121, 550, 1485, 2640, 192], [144, 726, 2200, 4455, 757], [169, 936, 3146, 7150, 1197], [196, 1183, 4368, 11011, 1807], [225, 1470, 5915, 16380, 33033, 1625], [256, 1800, 7840, 23660, 52416, 3269], [289, 2176, 10200, 33320, 80444, 148512, 8894], [324, 2601, 13056, 45900, 119952, 241332, 13603], [361, 3078, 16473, 62016, 174420, 16417], [400, 3610, 20520, 82365, 248064, 581400, 30323], [441, 4200, 25270, 107730, 345933, 868224, 42966], [484, 4851, 30800, 138985, 474012, 1268421, 59710], [529, 5566, 37191, 177100, 639331, 1817046, 132126], [576, 6348, 44528, 223146, 850080, 2557324, 179649], [625, 7200, 52900, 278300, 1115730, 3542000, 326871], [676, 8125, 62400, 343850, 1447160, 4834830, 132101], [729, 9126, 73125, 421200, 1856790, 6512220, 578600], [784, 10206, 85176, 511875, 2358720, 8665020, 749764], [841, 11368, 98658, 617526, 2968875, 11400480, 961094], [900, 12615, 113680, 739935, 3705156, 14844375, 48859200, 513732]];

%Parâmetros correspondentes ao K que retornou solução
Ks_solution =[0, 0, 5, 5, 5, 6, 5, 5, 5, 5, 5, 6, 6, 7, 7, 6, 7, 7, 7, 7, 7, 7, 7, 7, 7, 7, 8];
Operacoes =[0, 0, 6, 7, 8, 36, 1010, 2112, 9084, 15561, 25298, 24375, 52304, 151198, 244854, 311923, 606460, 902286, 1313620, 3038898, 4311576, 8171775, 3434626, 15622200, 20993392, 27871726, 15411960];
Tempo =[0, 0, 5.879998207092285e-05, 7.940002251416445e-05, 0.00014739995822310448, 0.0004008000250905752, 0.0018025999888777733, 0.002815999905578792, 0.010282599949277937, 0.018810799927450716, 0.0291326999431476, 0.03227999992668629, 0.0656263999408111, 0.17834530002437532, 0.2715834000846371, 0.529583299998194, 0.8027437999844551, 1.3792724000522867, 1.5616773999063298, 3.717594699934125, 5.62156070000492, 10.518658000044525, 4.56810619996395, 19.375691100023687, 27.094156399951316, 35.642758999951184, 20.44315499998629];
N_Configurations =[0, 0, 1, 1, 1, 4, 101, 192, 757, 1197, 1807, 1625, 3269, 8894, 13603, 16417, 30323, 42966, 59710, 132126, 179649, 326871, 132101, 578600, 749764, 961094, 513732];
Solutions =[0, 0, {0, 1, 2, 3, 4}, {0, 1, 2, 3, 4}, {0, 1, 2, 3, 4}, {0, 1, 2, 3, 4, 8}, {0, 3, 4, 8, 9}, {0, 4, 7, 8, 9}, {4, 6, 7, 8, 9}, {4, 6, 7, 8, 9}, {4, 6, 7, 8, 9}, {0, 4, 6, 7, 8, 9}, {1, 2, 4, 6, 7, 8}, {1, 2, 4, 6, 7, 8, 14}, {1, 2, 4, 6, 7, 8, 14}, {2, 4, 6, 7, 8, 18}, {1, 2, 5, 6, 7, 8, 14}, {1, 2, 5, 6, 7, 8, 14}, {1, 2, 5, 6, 7, 8, 14}, {2, 3, 5, 6, 8, 18, 21}, {2, 3, 5, 6, 8, 18, 21}, {3, 5, 6, 8, 18, 20, 21}, {0, 5, 8, 18, 20, 21, 25}, {3, 5, 8, 11, 18, 20, 21}, {3, 5, 8, 11, 18, 20, 21}, {3, 5, 8, 11, 18, 20, 21}, {0, 2, 5, 8, 10, 18, 21, 25}];
Check_if_correct =[-1, -1, 1, 1, 1, 1, 1, 1, 1, 1, 1, 1, 1, 1, 1, 1, 1, 1, 1, 1, 1, 1, 1, 1, 1, 1, 1];

%Parâmetros para gráficos
Total_operacoes =[168, 525, 1422, 3437, 7576, 21123, 30360, 54868, 99384, 163774, 259910, 879720, 1427856, 4825195, 7861824, 5182535, 19333640, 29290044, 43499786, 64604447, 92679624, 133090650, 177557692, 255198330, 346683260, 465706418, 2063687790];
Total_configurations =[42, 105, 237, 491, 947, 2347, 3036, 4988, 8282, 12598, 18565, 58648, 89241, 283835, 436768, 272765, 966682, 1394764, 1977263, 2808889, 3861651, 5323626, 6829142, 9451790, 12381545, 16058842, 68789593];
Total_time =[0.0005303001962602139, 0.0014284000499173999, 0.004526499891653657, 0.008211000123992562, 0.011034099734388292, 0.027457499993033707, 0.04491210007108748, 0.08815369987860322, 0.11847939982544631, 0.20386300003156066, 0.3262824999401346, 1.0858155998867005, 1.7346381999086589, 5.7711320001399145, 9.206594700110145, 7.443803700036369, 29.645549800014123, 37.49035589990672, 53.71358639979735, 81.18507329991553, 122.49101129977498, 184.7390137000475, 259.5388044998981, 402.2785115002189, 604.0626646998571, 927.531322299852, 3417.844703199924];


%Todos os parâmetros
P =0.25;
Size =[4, 5, 6, 7, 8, 9, 10, 11, 12, 13, 14, 15, 16, 17, 18, 19, 20, 21, 22, 23, 24, 25, 26, 27, 28, 29, 30];
Ks =[[1, 2, 3], [1, 2, 3], [1, 2, 3, 4], [1, 2, 3], [1, 2, 3], [1, 2, 3, 4], [1, 2, 3], [1, 2, 3], [1, 2, 3, 4], [1, 2, 3, 4], [1, 2, 3, 4], [1, 2, 3, 4], [1, 2, 3, 4], [1, 2, 3, 4], [1, 2, 3, 4], [1, 2, 3, 4], [1, 2, 3, 4], [1, 2, 3, 4], [1, 2, 3, 4, 5], [1, 2, 3, 4, 5, 6], [1, 2, 3, 4, 5], [1, 2, 3, 4, 5], [1, 2, 3, 4, 5], [1, 2, 3, 4, 5], [1, 2, 3, 4, 5], [1, 2, 3, 4, 5], [1, 2, 3, 4, 5]];
Operacoes =[[64, 72, 32], [125, 200, 50], [216, 450, 480, 6], [343, 882, 35], [512, 1568, 40], [729, 2592, 5292, 36], [1000, 4050, 750], [1331, 6050, 1023], [1728, 8712, 26400, 3996], [2197, 12168, 40898, 2769], [2744, 16562, 61152, 3766], [3375, 22050, 88725, 4980], [4096, 28800, 125440, 6432], [4913, 36992, 173400, 8143], [5832, 46818, 235008, 10134], [6859, 58482, 312987, 12426], [8000, 72200, 410400, 29600], [9261, 88200, 530670, 57225], [10648, 106722, 677600, 3057670, 103862], [12167, 128018, 855393, 4073300, 14704613, 516764], [13824, 152352, 1068672, 5355504, 886416], [15625, 180000, 1322500, 6957500, 1132775], [17576, 211250, 1622400, 8940100, 1431274], [19683, 246402, 1974375, 11372400, 1789803], [21952, 285768, 2384928, 14332500, 154784], [24389, 329672, 2861082, 17908254, 179974], [27000, 378450, 3410400, 22198050, 208110]];
Tempos_tentados =[[0.0002204999327659607, 0.00021840003319084644, 0.00012390001211315393], [0.0003084999043494463, 0.0005316999740898609, 0.00022000004537403584], [0.0004406999796628952, 0.0007602999685332179, 0.0007798000006005168, 4.67000063508749e-05], [0.0007209000177681446, 0.0011607999913394451, 0.00010180007666349411], [0.0011643999023362994, 0.003069199970923364, 0.00018620002083480358], [0.002278400002978742, 0.0050765000050887465, 0.005706900032237172, 0.00021059997379779816], [0.0015314999036490917, 0.004487099940888584, 0.0010451999260112643], [0.0021106000058352947, 0.007122700102627277, 0.001396800042130053], [0.0022571999579668045, 0.010364099987782538, 0.027571699931286275, 0.004346400033682585], [0.003328300081193447, 0.021194100030697882, 0.07454490009695292, 0.0057761999778449535], [0.005240799975581467, 0.023983299965038896, 0.08006469998508692, 0.004616499994881451], [0.008169199922122061, 0.029176799929700792, 0.10427959996741265, 0.00598699995316565], [0.011962300050072372, 0.04782059998251498, 0.14892529998905957, 0.015107800019904971], [0.018583500059321523, 0.060383600066415966, 0.3040378000587225, 0.01884139992762357], [0.029982300009578466, 0.08668449998367578, 0.3006504999939352, 0.014518700074404478], [0.05868419993203133, 0.11647950008045882, 0.4434505000244826, 0.01685030001681298], [0.11023699992801994, 0.18120700004510581, 0.5654796999879181, 0.038457600050605834], [0.30511429999023676, 0.2995750999543816, 0.8351576999993995, 0.10428750002756715], [0.42527649994008243, 0.5222563999705017, 1.2250961000099778, 4.093843900016509, 0.1677381000481546], [0.8215962999965996, 0.9577073999680579, 1.7952272000256926, 5.533059400040656, 18.954328800085932, 0.6694077000720426], [1.6691390000050887, 2.2368693000171334, 3.5261871999828145, 8.202330800006166, 1.0815304999705404], [3.346299899974838, 3.8347563000861555, 4.932374399970286, 11.919398900005035, 1.3857713000616059], [6.520122500020079, 7.184131700079888, 8.450346400029957, 17.942764499923214, 1.8025594999780878], [13.759465400013141, 14.910578100010753, 16.14884040004108, 27.915998599957675, 2.2272479999810457], [28.4440123999957, 28.599338600062765, 30.13566509995144, 45.79444239998702, 0.21373359998688102], [56.76026870007627, 57.04311680002138, 59.15827649994753, 77.94192210002802, 0.25666169996839017], [111.65715749992523, 114.22769420000259, 118.20360809995327, 144.8354798000073, 0.29282440000679344]];
N_Configurations =[[16, 18, 8], [25, 40, 10], [36, 75, 80, 1], [49, 126, 5], [64, 196, 5], [81, 288, 588, 4], [100, 405, 75], [121, 550, 93], [144, 726, 2200, 333], [169, 936, 3146, 213], [196, 1183, 4368, 269], [225, 1470, 5915, 332], [256, 1800, 7840, 402], [289, 2176, 10200, 479], [324, 2601, 13056, 563], [361, 3078, 16473, 654], [400, 3610, 20520, 1480], [441, 4200, 25270, 2725], [484, 4851, 30800, 138985, 4721], [529, 5566, 37191, 177100, 639331, 22468], [576, 6348, 44528, 223146, 36934], [625, 7200, 52900, 278300, 45311], [676, 8125, 62400, 343850, 55049], [729, 9126, 73125, 421200, 66289], [784, 10206, 85176, 511875, 5528], [841, 11368, 98658, 617526, 6206], [900, 12615, 113680, 739935, 6937]];

%Parâmetros correspondentes ao K que retornou solução
Ks_solution =[0, 3, 4, 3, 3, 4, 3, 3, 4, 4, 4, 4, 4, 4, 4, 4, 4, 4, 5, 6, 5, 5, 5, 5, 5, 5, 5];
Operacoes =[0, 50, 6, 35, 40, 36, 750, 1023, 3996, 2769, 3766, 4980, 6432, 8143, 10134, 12426, 29600, 57225, 103862, 516764, 886416, 1132775, 1431274, 1789803, 154784, 179974, 208110];
Tempo =[0, 0.00022000004537403584, 4.67000063508749e-05, 0.00010180007666349411, 0.00018620002083480358, 0.00021059997379779816, 0.0010451999260112643, 0.001396800042130053, 0.004346400033682585, 0.0057761999778449535, 0.004616499994881451, 0.00598699995316565, 0.015107800019904971, 0.01884139992762357, 0.014518700074404478, 0.01685030001681298, 0.038457600050605834, 0.10428750002756715, 0.1677381000481546, 0.6694077000720426, 1.0815304999705404, 1.3857713000616059, 1.8025594999780878, 2.2272479999810457, 0.21373359998688102, 0.25666169996839017, 0.29282440000679344];
N_Configurations =[0, 10, 1, 5, 5, 4, 75, 93, 333, 213, 269, 332, 402, 479, 563, 654, 1480, 2725, 4721, 22468, 36934, 45311, 55049, 66289, 5528, 6206, 6937];
Solutions =[0, {2, 3, 4}, {0, 1, 2, 3}, {0, 1, 6}, {0, 1, 6}, {0, 1, 2, 6}, {9, 2, 4}, {9, 2, 4}, {9, 2, 11, 4}, {0, 8, 12, 9}, {0, 8, 12, 9}, {0, 8, 12, 9}, {0, 8, 12, 9}, {0, 8, 12, 9}, {0, 8, 12, 9}, {0, 8, 12, 9}, {1, 13, 6, 15}, {9, 2, 12, 13}, {0, 7, 9, 12, 14}, {0, 7, 9, 12, 14, 22}, {7, 9, 12, 14, 23}, {7, 9, 12, 14, 23}, {7, 9, 12, 14, 23}, {7, 9, 12, 14, 23}, {0, 3, 6, 15, 27}, {0, 3, 6, 15, 27}, {0, 3, 6, 15, 27}];
Check_if_correct =[-1, 1, 1, 1, 1, 1, 1, 1, 1, 1, 1, 1, 1, 1, 1, 1, 1, 1, 1, 1, 1, 1, 1, 1, 1, 1, 1];

%Parâmetros para gráficos
Total_operacoes =[168, 375, 1152, 1260, 2120, 8649, 5800, 8404, 40836, 58032, 84224, 119130, 164768, 223448, 297792, 390754, 520200, 685356, 3956502, 20290255, 7476768, 9608400, 12222600, 15402663, 17179932, 21303371, 26222010];
Total_configurations =[42, 75, 192, 180, 265, 961, 580, 764, 3403, 4464, 6016, 7942, 10298, 13144, 16544, 20566, 26010, 32636, 179841, 882185, 311532, 384336, 470100, 570469, 613569, 734599, 874067];
Total_time =[0.0005627999780699611, 0.001060199923813343, 0.002027499955147505, 0.001983500085771084, 0.004419799894094467, 0.013272400014102459, 0.00706379977054894, 0.010630100150592625, 0.0445393999107182, 0.1048435001866892, 0.11390529992058873, 0.14761259977240115, 0.2238160000415519, 0.40184630011208355, 0.43183600006159395, 0.6354645000537857, 0.8953813000116497, 1.544134599971585, 6.4342109999852255, 28.73132680018898, 16.716056799981743, 25.41860080009792, 41.89992460003123, 74.9621305000037, 133.1871920999838, 251.1602458000416, 489.2167639998952];


%Todos os parâmetros
P =0.5;
Size =[4, 5, 6, 7, 8, 9, 10, 11, 12, 13, 14, 15, 16, 17, 18, 19, 20, 21, 22, 23, 24, 25, 26, 27, 28, 29, 30];
Ks =[[1, 2], [1, 2], [1, 2], [1, 2], [1, 2], [1, 2, 3], [1, 2], [1, 2], [1, 2], [1, 2], [1, 2], [1, 2], [1, 2], [1, 2], [1, 2], [1, 2], [1, 2], [1, 2], [1, 2], [1, 2], [1, 2], [1, 2], [1, 2, 3], [1, 2, 3], [1, 2, 3], [1, 2, 3], [1, 2, 3]];
Operacoes =[[64, 4], [125, 10], [216, 12], [343, 14], [512, 16], [729, 2592, 27], [1000, 350], [1331, 297], [1728, 348], [2197, 403], [2744, 462], [3375, 525], [4096, 592], [4913, 663], [5832, 738], [6859, 817], [8000, 900], [9261, 987], [10648, 1078], [12167, 1173], [13824, 1272], [15625, 1375], [17576, 211250, 728], [19683, 246402, 783], [21952, 285768, 840], [24389, 329672, 899], [27000, 378450, 960]];
Tempos_tentados =[[0.00027439999394118786, 4.930002614855766e-05], [0.0005628999788314104, 5.449994932860136e-05], [0.0007041000062599778, 9.109999518841505e-05], [0.0008635000558570027, 6.019999273121357e-05], [0.0017006000271067023, 0.00014459993690252304], [0.0011780000058934093, 0.0030402999836951494, 0.00011790008284151554], [0.0014659999869763851, 0.0007512000156566501], [0.0024637000169605017, 0.0006000999128445983], [0.003179199993610382, 0.0009211000287905335], [0.0034340000711381435, 0.0007920999778434634], [0.009034599992446601, 0.0012001999421045184], [0.009533500066027045, 0.0009159999899566174], [0.01836899993941188, 0.0009455999825149775], [0.04411000001709908, 0.000984499929472804], [0.03976820001844317, 0.0018461000872775912], [0.0643180999904871, 0.0013770000077784061], [0.13427070004399866, 0.0028877999866381288], [0.21953919995576143, 0.001737800077535212], [0.4519496000139043, 0.004058600054122508], [0.9208667000057176, 0.004267600015737116], [1.6657189999241382, 0.0020256999414414167], [3.345790700055659, 0.001887100050225854], [6.953700700076297, 7.744418599992059, 0.0018365998985245824], [13.64522200007923, 14.532799799926579, 0.003924199962057173], [28.177409299998544, 28.286150199943222, 0.0023020999506115913], [55.40943060000427, 53.33976140001323, 0.0026030000299215317], [103.52368290000595, 104.10730300005525, 0.0027614000719040632]];
N_Configurations =[[16, 1], [25, 2], [36, 2], [49, 2], [64, 2], [81, 288, 3], [100, 35], [121, 27], [144, 29], [169, 31], [196, 33], [225, 35], [256, 37], [289, 39], [324, 41], [361, 43], [400, 45], [441, 47], [484, 49], [529, 51], [576, 53], [625, 55], [676, 8125, 28], [729, 9126, 29], [784, 10206, 30], [841, 11368, 31], [900, 12615, 32]];

%Parâmetros correspondentes ao K que retornou solução
Ks_solution =[2, 2, 2, 2, 2, 3, 2, 2, 2, 2, 2, 2, 2, 2, 2, 2, 2, 2, 2, 2, 2, 2, 3, 3, 3, 3, 3];
Operacoes =[4, 10, 12, 14, 16, 27, 350, 297, 348, 403, 462, 525, 592, 663, 738, 817, 900, 987, 1078, 1173, 1272, 1375, 728, 783, 840, 899, 960];
Tempo =[4.930002614855766e-05, 5.449994932860136e-05, 9.109999518841505e-05, 6.019999273121357e-05, 0.00014459993690252304, 0.00011790008284151554, 0.0007512000156566501, 0.0006000999128445983, 0.0009211000287905335, 0.0007920999778434634, 0.0012001999421045184, 0.0009159999899566174, 0.0009455999825149775, 0.000984499929472804, 0.0018461000872775912, 0.0013770000077784061, 0.0028877999866381288, 0.001737800077535212, 0.004058600054122508, 0.004267600015737116, 0.0020256999414414167, 0.001887100050225854, 0.0018365998985245824, 0.003924199962057173, 0.0023020999506115913, 0.0026030000299215317, 0.0027614000719040632];
N_Configurations =[1, 2, 2, 2, 2, 3, 35, 27, 29, 31, 33, 35, 37, 39, 41, 43, 45, 47, 49, 51, 53, 55, 28, 29, 30, 31, 32];
Solutions =[{0, 1}, {0, 2}, {0, 2}, {0, 2}, {0, 2}, {0, 1, 4}, {9, 4}, {2, 10}, {2, 10}, {2, 10}, {2, 10}, {2, 10}, {2, 10}, {2, 10}, {2, 10}, {2, 10}, {2, 10}, {2, 10}, {2, 10}, {2, 10}, {2, 10}, {2, 10}, {0, 2, 6}, {0, 2, 6}, {0, 2, 6}, {0, 2, 6}, {0, 2, 6}];
Check_if_correct =[1, 1, 1, 1, 1, 1, 1, 1, 1, 1, 1, 1, 1, 1, 1, 1, 1, 1, 1, 1, 1, 1, 1, 1, 1, 1, 1];

%Parâmetros para gráficos
Total_operacoes =[68, 135, 228, 357, 528, 3348, 1350, 1628, 2076, 2600, 3206, 3900, 4688, 5576, 6570, 7676, 8900, 10248, 11726, 13340, 15096, 17000, 229554, 266868, 308560, 354960, 406410];
Total_configurations =[17, 27, 38, 51, 66, 372, 135, 148, 173, 200, 229, 260, 293, 328, 365, 404, 445, 488, 533, 580, 629, 680, 8829, 9884, 11020, 12240, 13547];
Total_time =[0.0003237000200897455, 0.0006173999281600118, 0.0007952000014483929, 0.0009237000485882163, 0.0018451999640092254, 0.004336200072430074, 0.002217200002633035, 0.0030637999298051, 0.004100300022400916, 0.004226100048981607, 0.01023479993455112, 0.010449500055983663, 0.019314599921926856, 0.04509449994657189, 0.04161430010572076, 0.0656950999982655, 0.1371585000306368, 0.22127700003329664, 0.4560082000680268, 0.9251343000214547, 1.6677446998655796, 3.3476778001058847, 14.69995589996688, 28.181945999967866, 56.46586159989238, 108.75179500004742, 207.6337473001331];


%Todos os parâmetros
P =0.75;
Size =[4, 5, 6, 7, 8, 9, 10, 11, 12, 13, 14, 15, 16, 17, 18, 19, 20, 21, 22, 23, 24, 25, 26, 27, 28, 29, 30];
Ks =[[1], [1], [1], [1], [1], [1], [1], [1], [1], [1], [1], [1], [1, 2], [1, 2], [1, 2], [1, 2], [1, 2], [1, 2], [1, 2], [1, 2], [1, 2], [1, 2], [1, 2], [1, 2], [1, 2], [1, 2], [1, 2]];
Operacoes =[[12], [15], [18], [21], [24], [27], [30], [33], [36], [39], [42], [45], [4096, 32], [4913, 34], [5832, 36], [6859, 38], [8000, 180], [9261, 189], [10648, 198], [12167, 207], [13824, 216], [15625, 225], [17576, 234], [19683, 243], [21952, 252], [24389, 261], [27000, 270]];
Tempos_tentados =[[5.4299947805702686e-05], [0.00010179996024817228], [0.00011709996033459902], [0.00011090002954006195], [9.959994349628687e-05], [0.0001821999903768301], [8.469994645565748e-05], [0.00012290000449866056], [9.630003478378057e-05], [7.259997073560953e-05], [8.849997539073229e-05], [0.00010279996786266565], [0.01183520001359284, 8.400005754083395e-05], [0.01891270000487566, 0.00019299995619803667], [0.029827099991962314, 0.000256399973295629], [0.05373050004709512, 0.0001412000274285674], [0.10906449996400625, 0.0004867999814450741], [0.20290519995614886, 0.000637599965557456], [0.38865359988994896, 0.0007676000241190195], [0.8411556000355631, 0.0008098999969661236], [1.6257371000247076, 0.000654200091958046], [3.1092613000655547, 0.0006328999297693372], [6.377005400019698, 0.0006382000865414739], [12.625961199984886, 0.000668100081384182], [25.20514269999694, 0.0007296999683603644], [51.14001289999578, 0.0009544000495225191], [104.35485180001706, 0.0008073999779298902]];
N_Configurations =[[3], [3], [3], [3], [3], [3], [3], [3], [3], [3], [3], [3], [256, 2], [289, 2], [324, 2], [361, 2], [400, 9], [441, 9], [484, 9], [529, 9], [576, 9], [625, 9], [676, 9], [729, 9], [784, 9], [841, 9], [900, 9]];

%Parâmetros correspondentes ao K que retornou solução
Ks_solution =[1, 1, 1, 1, 1, 1, 1, 1, 1, 1, 1, 1, 2, 2, 2, 2, 2, 2, 2, 2, 2, 2, 2, 2, 2, 2, 2];
Operacoes =[12, 15, 18, 21, 24, 27, 30, 33, 36, 39, 42, 45, 32, 34, 36, 38, 180, 189, 198, 207, 216, 225, 234, 243, 252, 261, 270];
Tempo =[5.4299947805702686e-05, 0.00010179996024817228, 0.00011709996033459902, 0.00011090002954006195, 9.959994349628687e-05, 0.0001821999903768301, 8.469994645565748e-05, 0.00012290000449866056, 9.630003478378057e-05, 7.259997073560953e-05, 8.849997539073229e-05, 0.00010279996786266565, 8.400005754083395e-05, 0.00019299995619803667, 0.000256399973295629, 0.0001412000274285674, 0.0004867999814450741, 0.000637599965557456, 0.0007676000241190195, 0.0008098999969661236, 0.000654200091958046, 0.0006328999297693372, 0.0006382000865414739, 0.000668100081384182, 0.0007296999683603644, 0.0009544000495225191, 0.0008073999779298902];
N_Configurations =[3, 3, 3, 3, 3, 3, 3, 3, 3, 3, 3, 3, 2, 2, 2, 2, 9, 9, 9, 9, 9, 9, 9, 9, 9, 9, 9];
Solutions =[{2}, {2}, {2}, {2}, {2}, {2}, {2}, {2}, {2}, {2}, {2}, {2}, {0, 2}, {0, 2}, {0, 2}, {0, 2}, {0, 9}, {0, 9}, {0, 9}, {0, 9}, {0, 9}, {0, 9}, {0, 9}, {0, 9}, {0, 9}, {0, 9}, {0, 9}];
Check_if_correct =[1, 1, 1, 1, 1, 1, 1, 1, 1, 1, 1, 1, 1, 1, 1, 1, 1, 1, 1, 1, 1, 1, 1, 1, 1, 1, 1];

%Parâmetros para gráficos
Total_operacoes =[12, 15, 18, 21, 24, 27, 30, 33, 36, 39, 42, 45, 4128, 4947, 5868, 6897, 8180, 9450, 10846, 12374, 14040, 15850, 17810, 19926, 22204, 24650, 27270];
Total_configurations =[3, 3, 3, 3, 3, 3, 3, 3, 3, 3, 3, 3, 258, 291, 326, 363, 409, 450, 493, 538, 585, 634, 685, 738, 793, 850, 909];
Total_time =[5.4299947805702686e-05, 0.00010179996024817228, 0.00011709996033459902, 0.00011090002954006195, 9.959994349628687e-05, 0.0001821999903768301, 8.469994645565748e-05, 0.00012290000449866056, 9.630003478378057e-05, 7.259997073560953e-05, 8.849997539073229e-05, 0.00010279996786266565, 0.011919200071133673, 0.019105699961073697, 0.030083499965257943, 0.05387170007452369, 0.10955129994545132, 0.20354279992170632, 0.389421199914068, 0.8419655000325292, 1.6263913001166657, 3.109894199995324, 6.377643600106239, 12.62662930006627, 25.2058723999653, 51.140967300045304, 104.35565919999499];
