_%_%_%_%_%_%_%_%_%_%_%_%_%_%_%_%_%_%_%_%_%_%_%_%_%_%_%_%_%_%_%_%_%_%_%_%_%_%_%_%_%_%_%_%_%
Explicação do cabeçalho
Ks -> Tamanho de conjunto dominante com menos operaçõe efetuadas
Operacoes -> Optimal number of operações
Tempo -> Tempo para encontrar o conjunto dominante com menos operações efetuadas
Solutions -> Conjunto dominante com menos operações efetuadas
Check_if_correct -> Verificar se é realmente um conjunto dominante, 1(V) 0(F) -1(se não foi encontrada solução)
Nota: Na divisão -> Parâmetros correspondentes ao K que retornou solução <- caso exista o valor 0 nas variaveis Ks_solutions, Operacoes, Tempo, N_configurations, Solutions quer dizer que não foi encontra nenhuma solução (0 é o valor default) 
_%_%_%_%_%_%_%_%_%_%_%_%_%_%_%_%_%_%_%_%_%_%_%_%_%_%_%_%_%_%_%_%_%_%_%_%_%_%_%_%_%_%_%_%_%


%Todos os parâmetros
P =0.125;
Size =[4, 5, 6, 7, 8, 9, 10, 11, 12, 13, 14, 15, 16, 17, 18, 19, 20, 21, 22, 23, 24, 25, 26, 27, 28, 29, 30];
Ks =[[1, 2, 3], [1, 2, 3, 4], [1, 2, 3, 4, 5], [1, 2, 3, 4, 5], [1, 2, 3, 4, 5], [1, 2, 3, 4, 5, 6], [1, 2, 3, 4, 5], [1, 2, 3, 4, 5], [1, 2, 3, 4, 5, 6], [1, 2, 3, 4, 5, 6], [1, 2, 3, 4, 5, 6], [1, 2, 3, 4, 5, 6], [1, 2, 3, 4, 5, 6, 7], [1, 2, 3, 4, 5, 6, 7, 8], [1, 2, 3, 4, 5, 6, 7, 8], [1, 2, 3, 4, 5, 6, 7], [1, 2, 3, 4, 5, 6, 7, 8], [1, 2, 3, 4, 5, 6, 7, 8], [1, 2, 3, 4, 5, 6, 7, 8], [1, 2, 3, 4, 5, 6, 7, 8], [1, 2, 3, 4, 5, 6, 7, 8], [1, 2, 3, 4, 5, 6, 7, 8], [1, 2, 3, 4, 5, 6, 7], [1, 2, 3, 4, 5, 6, 7, 8], [1, 2, 3, 4, 5, 6, 7, 8], [1, 2, 3, 4, 5, 6, 7, 8], [1, 2, 3, 4, 5, 6, 7, 8]];
Operacoes =[[16, 36, 24], [25, 80, 90, 40], [36, 150, 240, 180, 6], [49, 252, 525, 560, 7], [64, 392, 1008, 1400, 8], [81, 576, 1764, 3024, 3150, 36], [100, 810, 2880, 5880, 1010], [121, 1100, 4455, 10560, 2112], [144, 1452, 6600, 17820, 31680, 480], [169, 1872, 9438, 28600, 57915, 9126], [196, 2366, 13104, 44044, 100100, 15288], [225, 2940, 17745, 65520, 165165, 24375], [256, 3600, 23520, 94640, 262080, 528528, 4256], [289, 4352, 30600, 133280, 402220, 891072, 1497496, 15062], [324, 5202, 39168, 183600, 599760, 1447992, 2673216, 22086], [361, 6156, 49419, 248064, 872100, 2279088, 149131], [400, 7220, 61560, 329460, 1240320, 3488400, 7596960, 63820], [441, 8400, 75810, 430920, 1729665, 5209344, 12209400, 88326], [484, 9702, 92400, 555940, 2370060, 7610526, 19100928, 20526], [529, 11132, 111573, 708400, 3196655, 10902276, 29173683, 25369], [576, 12696, 133584, 892584, 4250400, 15343944, 43609104, 31632], [625, 14400, 158700, 1113200, 5578650, 21252000, 63933100, 830150], [676, 16250, 187200, 1375400, 7235800, 29008980, 3434626], [729, 18252, 219375, 1684800, 9283950, 39073320, 130540410, 6668379], [784, 20412, 255528, 2047500, 11793600, 51990120, 182342160, 8921024], [841, 22736, 295974, 2470104, 14844375, 68402880, 251285580, 11790965], [900, 25230, 341040, 2959740, 18525780, 89066250, 342014400, 15411960]];
Tempos_tentados =[[7.589999586343765e-05, 0.00014849996659904718, 0.00014080002438277006], [8.09000339359045e-05, 0.00034300005063414574, 0.00024590000975877047, 0.00010820000898092985], [0.00016529997810721397, 0.0005581000586971641, 0.0007105999393388629, 0.000519599998369813, 5.879998207092285e-05], [0.00021029997151345015, 0.0008122000144794583, 0.0017470999155193567, 0.001644299947656691, 9.510002564638853e-05], [0.00037759996484965086, 0.0013764000032097101, 0.0016859999159350991, 0.003930400009267032, 0.0001821999903768301], [0.000381199992261827, 0.0020786999957636, 0.002743600052781403, 0.00899780006147921, 0.009245000081136823, 0.00019339995924383402], [0.000825399998575449, 0.0017233999678865075, 0.011277499957941473, 0.007903799996711314, 0.0013180000241845846], [0.0007686000317335129, 0.002149700070731342, 0.011082399985753, 0.02827830007299781, 0.004390800022520125], [0.0008199999574571848, 0.0023940999526530504, 0.009983600000850856, 0.04368979996070266, 0.0399689000332728, 0.001231800066307187], [0.003307900042273104, 0.004462899989448488, 0.014172499999403954, 0.04246030002832413, 0.09014480002224445, 0.01228389993775636], [0.0061036000261083245, 0.00747739989310503, 0.019823299953714013, 0.06908359995577484, 0.1290541000198573, 0.04163049999624491], [0.011493900092318654, 0.008328800089657307, 0.032441899995319545, 0.08361410000361502, 0.2361793000018224, 0.0422893000068143], [0.011888900073245168, 0.01433729997370392, 0.037033400032669306, 0.1295055999653414, 0.35522010002750903, 0.5919089999515563, 0.011496999999508262], [0.021045600064098835, 0.03239840001333505, 0.06525280000641942, 0.17649820004589856, 0.5136428000405431, 1.1120955999940634, 1.8487363000167534, 0.02900539990514517], [0.06260119995567948, 0.05194390006363392, 0.08874489995650947, 0.26639939995948225, 0.7301427000202239, 1.8299770000157878, 3.3551156000467017, 0.06894329993519932], [0.07839080004487187, 0.08430470002349466, 0.1370831000385806, 0.36664929997641593, 1.180652100010775, 2.645899199997075, 0.1820788000477478], [0.1573540000244975, 0.16787730006035417, 0.22919340000953525, 0.5032646999461576, 1.7837553001008928, 4.122131600044668, 8.653049899963662, 0.11687479994725436], [0.3062011000001803, 0.3199341999134049, 0.3870667000301182, 0.7939533999888226, 2.3038584999740124, 7.366814699955285, 15.031994000077248, 0.1603330000070855], [0.6142688000109047, 0.6440025999909267, 0.8401593000162393, 1.2448899999726564, 3.3910132999299094, 9.36293140007183, 23.026981700095348, 0.12535810004919767], [1.412075400003232, 1.3038931000046432, 1.3656640999251977, 2.3013580000260845, 5.0341653999639675, 14.399134499952197, 35.68118469999172, 0.19290929997805506], [2.570847800001502, 2.5840797000564635, 2.8349812000524253, 3.6403071999084204, 7.505568999913521, 20.93635049997829, 56.09894490009174, 0.23412269994150847], [5.52325889992062, 5.535276900045574, 5.516815899987705, 6.8145858000498265, 11.828549699974246, 30.878417600062676, 82.34297909995075, 1.3652929000090808], [10.9084787000902, 11.461611400009133, 11.12768439995125, 12.462153699947521, 19.692918800050393, 46.04194089991506, 4.447799400077201], [22.71567419997882, 22.05307569995057, 22.535550600034185, 25.175256600021385, 34.20202920003794, 69.42903670005035, 183.95502009999473, 8.588627199991606], [45.908335700049065, 46.21071869996376, 46.166628499981016, 48.295009800000116, 60.56367030006368, 111.9804200999206, 273.85290669999085, 12.452392400009558], [93.4030621999409, 94.18030210002325, 93.7886492999969, 96.74847549991682, 113.21885299996939, 179.33864730002824, 408.7651905999519, 15.974232500069775], [197.94676790002268, 192.60236910008825, 194.16634899994824, 196.22386279993225, 217.97526740003377, 305.0242836000398, 625.6849436999764, 20.466785400058143]];
N_Configurations =[[4, 9, 6], [5, 16, 18, 8], [6, 25, 40, 30, 1], [7, 36, 75, 80, 1], [8, 49, 126, 175, 1], [9, 64, 196, 336, 350, 4], [10, 81, 288, 588, 101], [11, 100, 405, 960, 192], [12, 121, 550, 1485, 2640, 40], [13, 144, 726, 2200, 4455, 702], [14, 169, 936, 3146, 7150, 1092], [15, 196, 1183, 4368, 11011, 1625], [16, 225, 1470, 5915, 16380, 33033, 266], [17, 256, 1800, 7840, 23660, 52416, 88088, 886], [18, 289, 2176, 10200, 33320, 80444, 148512, 1227], [19, 324, 2601, 13056, 45900, 119952, 7849], [20, 361, 3078, 16473, 62016, 174420, 379848, 3191], [21, 400, 3610, 20520, 82365, 248064, 581400, 4206], [22, 441, 4200, 25270, 107730, 345933, 868224, 933], [23, 484, 4851, 30800, 138985, 474012, 1268421, 1103], [24, 529, 5566, 37191, 177100, 639331, 1817046, 1318], [25, 576, 6348, 44528, 223146, 850080, 2557324, 33206], [26, 625, 7200, 52900, 278300, 1115730, 132101], [27, 676, 8125, 62400, 343850, 1447160, 4834830, 246977], [28, 729, 9126, 73125, 421200, 1856790, 6512220, 318608], [29, 784, 10206, 85176, 511875, 2358720, 8665020, 406585], [30, 841, 11368, 98658, 617526, 2968875, 11400480, 513732]];

%Parâmetros correspondentes ao K que retornou solução
Ks_solution =[0, 0, 5, 5, 5, 6, 5, 5, 6, 6, 6, 6, 7, 8, 8, 7, 8, 8, 8, 8, 8, 8, 7, 8, 8, 8, 8];
Operacoes =[0, 0, 6, 7, 8, 36, 1010, 2112, 480, 9126, 15288, 24375, 4256, 15062, 22086, 149131, 63820, 88326, 20526, 25369, 31632, 830150, 3434626, 6668379, 8921024, 11790965, 15411960];
Tempo =[0, 0, 5.879998207092285e-05, 9.510002564638853e-05, 0.0001821999903768301, 0.00019339995924383402, 0.0013180000241845846, 0.004390800022520125, 0.001231800066307187, 0.01228389993775636, 0.04163049999624491, 0.0422893000068143, 0.011496999999508262, 0.02900539990514517, 0.06894329993519932, 0.1820788000477478, 0.11687479994725436, 0.1603330000070855, 0.12535810004919767, 0.19290929997805506, 0.23412269994150847, 1.3652929000090808, 4.447799400077201, 8.588627199991606, 12.452392400009558, 15.974232500069775, 20.466785400058143];
N_Configurations =[0, 0, 1, 1, 1, 4, 101, 192, 40, 702, 1092, 1625, 266, 886, 1227, 7849, 3191, 4206, 933, 1103, 1318, 33206, 132101, 246977, 318608, 406585, 513732];
Solutions =[0, 0, {0, 1, 2, 3, 4}, {0, 1, 2, 3, 4}, {0, 1, 2, 3, 4}, {0, 1, 2, 3, 4, 8}, {0, 3, 4, 8, 9}, {0, 4, 7, 8, 9}, {0, 1, 2, 4, 7, 8}, {0, 4, 6, 7, 8, 9}, {0, 4, 6, 7, 8, 9}, {0, 4, 6, 7, 8, 9}, {0, 1, 2, 4, 6, 7, 8}, {0, 1, 2, 4, 6, 7, 8, 14}, {0, 1, 2, 4, 6, 7, 8, 14}, {0, 2, 4, 6, 7, 8, 18}, {0, 1, 2, 5, 6, 7, 8, 14}, {0, 1, 2, 5, 6, 7, 8, 14}, {0, 1, 2, 3, 5, 8, 14, 21}, {0, 1, 2, 3, 5, 8, 14, 21}, {0, 1, 2, 3, 5, 8, 18, 21}, {0, 1, 3, 5, 8, 18, 20, 21}, {0, 5, 8, 18, 20, 21, 25}, {0, 2, 5, 8, 10, 18, 21, 25}, {0, 2, 5, 8, 10, 18, 21, 25}, {0, 2, 5, 8, 10, 18, 21, 25}, {0, 2, 5, 8, 10, 18, 21, 25}];
Check_if_correct =[-1, -1, 1, 1, 1, 1, 1, 1, 1, 1, 1, 1, 1, 1, 1, 1, 1, 1, 1, 1, 1, 1, 1, 1, 1, 1, 1];

%Parâmetros para gráficos
Total_operacoes =[76, 235, 612, 1393, 2872, 8631, 10680, 18348, 58176, 107120, 175098, 275970, 916880, 2974371, 4971348, 3604319, 12788140, 19752306, 29760566, 44129617, 64274520, 92880825, 41258932, 187489215, 257371128, 349113455, 468345300];
Total_configurations =[19, 47, 102, 199, 359, 959, 1068, 1668, 4848, 8240, 12507, 18398, 57305, 174963, 276186, 189701, 639407, 940586, 1352753, 1918679, 2678105, 3715233, 1586882, 6944045, 9191826, 12038395, 15611510];
Total_time =[0.0003651999868452549, 0.0007780001033097506, 0.0020123999565839767, 0.004508999874815345, 0.007552599883638322, 0.023639700142666698, 0.023048099945299327, 0.04666980018373579, 0.09808819997124374, 0.16683230001945049, 0.2731724998448044, 0.41434730018954724, 1.1513913000235334, 3.798675100086257, 6.453867999953218, 4.675058000138961, 15.733501000097021, 26.670155599946156, 39.24960520013701, 61.690384499845095, 96.40520299994387, 149.80517680000048, 116.14258730004076, 388.6542703000596, 645.4300821999786, 1095.4174124998972, 1950.0906289000995];


%Todos os parâmetros
P =0.25;
Size =[4, 5, 6, 7, 8, 9, 10, 11, 12, 13, 14, 15, 16, 17, 18, 19, 20, 21, 22, 23, 24, 25, 26, 27, 28, 29, 30];
Ks =[[1, 2, 3], [1, 2, 3, 4], [1, 2, 3, 4], [1, 2, 3], [1, 2, 3], [1, 2, 3, 4], [1, 2, 3, 4], [1, 2, 3, 4], [1, 2, 3, 4, 5], [1, 2, 3, 4], [1, 2, 3, 4], [1, 2, 3, 4], [1, 2, 3, 4], [1, 2, 3, 4], [1, 2, 3, 4], [1, 2, 3, 4], [1, 2, 3, 4, 5], [1, 2, 3, 4, 5], [1, 2, 3, 4, 5], [1, 2, 3, 4, 5, 6], [1, 2, 3, 4, 5, 6], [1, 2, 3, 4, 5, 6], [1, 2, 3, 4, 5, 6], [1, 2, 3, 4, 5, 6], [1, 2, 3, 4, 5], [1, 2, 3, 4, 5], [1, 2, 3, 4, 5]];
Operacoes =[[16, 36, 24], [25, 80, 90, 5], [36, 150, 240, 6], [49, 252, 35], [64, 392, 40], [81, 576, 1764, 36], [100, 810, 2880, 120], [121, 1100, 4455, 143], [144, 1452, 6600, 17820, 732], [169, 1872, 9438, 2769], [196, 2366, 13104, 3766], [225, 2940, 17745, 4980], [256, 3600, 23520, 6432], [289, 4352, 30600, 8143], [324, 5202, 39168, 10134], [361, 6156, 49419, 12426], [400, 7220, 61560, 329460, 9960], [441, 8400, 75810, 430920, 12012], [484, 9702, 92400, 555940, 103862], [529, 11132, 111573, 708400, 3196655, 516764], [576, 12696, 133584, 892584, 4250400, 673872], [625, 14400, 158700, 1113200, 5578650, 867100], [676, 16250, 187200, 1375400, 7235800, 1102348], [729, 18252, 219375, 1684800, 9283950, 1386126], [784, 20412, 255528, 2047500, 154784], [841, 22736, 295974, 2470104, 179974], [900, 25230, 341040, 2959740, 208110]];
Tempos_tentados =[[9.42000187933445e-05, 0.00011469994205981493, 8.71000811457634e-05], [0.00016910000704228878, 0.0002495000371709466, 0.00023229990620166063, 4.9699912779033184e-05], [0.00011740007903426886, 0.00041390000842511654, 0.0005608000792562962, 3.969995304942131e-05], [0.00021970004308968782, 0.0005558000411838293, 8.9599983766675e-05], [0.0003643999807536602, 0.0008284000214189291, 7.599999662488699e-05], [0.00027630000840872526, 0.0014512999914586544, 0.0021858999971300364, 0.00027760001830756664], [0.0006085999775677919, 0.0020726999500766397, 0.0060406000120565295, 0.0005263999337330461], [0.0005065000150352716, 0.0017149000195786357, 0.005251099937595427, 0.0004760000156238675], [0.0008062999695539474, 0.0022823000326752663, 0.008072299999184906, 0.01957480004057288, 0.0013285999884828925], [0.0014505001017823815, 0.003357900073751807, 0.021895600017160177, 0.0034655999625101686], [0.0024219000479206443, 0.018687900039367378, 0.023162800003774464, 0.006958300014957786], [0.00622280000243336, 0.011382499942556024, 0.02557389996945858, 0.006411900045350194], [0.013426699908450246, 0.013809100026264787, 0.03757289994973689, 0.007977799978107214], [0.02093520003836602, 0.029633200028911233, 0.05433810001704842, 0.009955500019714236], [0.03923889994621277, 0.05962519999593496, 0.10836849990300834, 0.01234630006365478], [0.08783719991333783, 0.11907020001672208, 0.15861709997989237, 0.03448599996045232], [0.17929560004267842, 0.1681463000131771, 0.21999899996444583, 0.5262677000137046, 0.014681700034998357], [0.3494939000811428, 0.3372060999972746, 0.4814530999865383, 0.8837360000470653, 0.022759299958124757], [0.6415500000584871, 0.6452317999210209, 0.7357191999908537, 1.298792300047353, 0.14743990008719265], [1.277922600042075, 1.3053041000384837, 1.4326638999627903, 2.1273546000011265, 5.162933299900033, 0.6614968000212684], [2.7615233999677002, 2.641458500060253, 2.7660497999750078, 3.809447200037539, 7.781111299991608, 0.8227049999404699], [5.389416499994695, 5.292851299978793, 5.583495499915443, 6.586303299991414, 12.58898370002862, 1.1046605000738055], [10.830875999992713, 10.969362000003457, 11.23533200006932, 12.701894599944353, 20.151706299977377, 1.4174598000245169], [22.445209999918006, 22.047490200027823, 22.383811899926513, 24.565375500009395, 34.32617679995019, 1.877533399965614], [45.47875299991574, 45.488156000035815, 45.577663099975325, 47.69075329997577, 0.2224922999739647], [93.12917770002969, 94.77774099993985, 94.01140999991912, 96.63291889999527, 0.24974920006934553], [192.13251070003025, 192.625220399932, 191.95967689994723, 196.06837059999816, 0.30157949996646494]];
N_Configurations =[[4, 9, 6], [5, 16, 18, 1], [6, 25, 40, 1], [7, 36, 5], [8, 49, 5], [9, 64, 196, 4], [10, 81, 288, 12], [11, 100, 405, 13], [12, 121, 550, 1485, 61], [13, 144, 726, 213], [14, 169, 936, 269], [15, 196, 1183, 332], [16, 225, 1470, 402], [17, 256, 1800, 479], [18, 289, 2176, 563], [19, 324, 2601, 654], [20, 361, 3078, 16473, 498], [21, 400, 3610, 20520, 572], [22, 441, 4200, 25270, 4721], [23, 484, 4851, 30800, 138985, 22468], [24, 529, 5566, 37191, 177100, 28078], [25, 576, 6348, 44528, 223146, 34684], [26, 625, 7200, 52900, 278300, 42398], [27, 676, 8125, 62400, 343850, 51338], [28, 729, 9126, 73125, 5528], [29, 784, 10206, 85176, 6206], [30, 841, 11368, 98658, 6937]];

%Parâmetros correspondentes ao K que retornou solução
Ks_solution =[0, 4, 4, 3, 3, 4, 4, 4, 5, 4, 4, 4, 4, 4, 4, 4, 5, 5, 5, 6, 6, 6, 6, 6, 5, 5, 5];
Operacoes =[0, 5, 6, 35, 40, 36, 120, 143, 732, 2769, 3766, 4980, 6432, 8143, 10134, 12426, 9960, 12012, 103862, 516764, 673872, 867100, 1102348, 1386126, 154784, 179974, 208110];
Tempo =[0, 4.9699912779033184e-05, 3.969995304942131e-05, 8.9599983766675e-05, 7.599999662488699e-05, 0.00027760001830756664, 0.0005263999337330461, 0.0004760000156238675, 0.0013285999884828925, 0.0034655999625101686, 0.006958300014957786, 0.006411900045350194, 0.007977799978107214, 0.009955500019714236, 0.01234630006365478, 0.03448599996045232, 0.014681700034998357, 0.022759299958124757, 0.14743990008719265, 0.6614968000212684, 0.8227049999404699, 1.1046605000738055, 1.4174598000245169, 1.877533399965614, 0.2224922999739647, 0.24974920006934553, 0.30157949996646494];
N_Configurations =[0, 1, 1, 5, 5, 4, 12, 13, 61, 213, 269, 332, 402, 479, 563, 654, 498, 572, 4721, 22468, 28078, 34684, 42398, 51338, 5528, 6206, 6937];
Solutions =[0, {0, 1, 2, 3}, {0, 1, 2, 3}, {0, 1, 6}, {0, 1, 6}, {0, 1, 2, 6}, {0, 1, 3, 8}, {0, 1, 3, 8}, {0, 1, 3, 8, 11}, {0, 8, 12, 9}, {0, 8, 12, 9}, {0, 8, 12, 9}, {0, 8, 12, 9}, {0, 8, 12, 9}, {0, 8, 12, 9}, {0, 8, 12, 9}, {0, 1, 6, 11, 15}, {0, 1, 6, 12, 15}, {0, 7, 9, 12, 14}, {0, 7, 9, 12, 14, 22}, {0, 7, 9, 12, 14, 22}, {0, 7, 9, 12, 14, 22}, {0, 7, 9, 12, 14, 22}, {0, 7, 9, 12, 14, 22}, {0, 3, 6, 15, 27}, {0, 3, 6, 15, 27}, {0, 3, 6, 15, 27}];
Check_if_correct =[-1, 1, 1, 1, 1, 1, 1, 1, 1, 1, 1, 1, 1, 1, 1, 1, 1, 1, 1, 1, 1, 1, 1, 1, 1, 1, 1];

%Parâmetros para gráficos
Total_operacoes =[76, 200, 432, 336, 496, 2457, 3910, 5819, 26748, 14248, 19432, 25890, 33808, 43384, 54828, 68362, 408600, 527583, 762388, 4545053, 5963712, 7732675, 9917674, 12593232, 2479008, 2969629, 3535020];
Total_configurations =[19, 40, 72, 48, 62, 273, 391, 529, 2229, 1096, 1388, 1726, 2113, 2552, 3046, 3598, 20430, 25123, 34654, 197611, 248488, 309307, 381449, 466416, 88536, 102401, 117834];
Total_time =[0.0002960000419989228, 0.0007005998631939292, 0.0011318001197651029, 0.0008651000680401921, 0.0012687999987974763, 0.004191100015304983, 0.009248299873434007, 0.007948499987833202, 0.032064300030469894, 0.030169600155204535, 0.05123090010602027, 0.04959109995979816, 0.07278649986255914, 0.11486200010403991, 0.21957889990881085, 0.4000104998704046, 1.1083903000690043, 2.0746484000701457, 3.468733200104907, 11.967675299965777, 20.582295199972577, 36.54571079998277, 67.30663070001174, 127.64559779979754, 184.4578176998766, 378.8009967999533, 773.0873580998741];


%Todos os parâmetros
P =0.5;
Size =[4, 5, 6, 7, 8, 9, 10, 11, 12, 13, 14, 15, 16, 17, 18, 19, 20, 21, 22, 23, 24, 25, 26, 27, 28, 29, 30];
Ks =[[1, 2], [1, 2], [1, 2], [1, 2], [1, 2], [1, 2, 3], [1, 2, 3], [1, 2, 3], [1, 2, 3], [1, 2, 3], [1, 2, 3], [1, 2, 3], [1, 2, 3], [1, 2, 3], [1, 2, 3], [1, 2, 3], [1, 2, 3], [1, 2, 3], [1, 2, 3], [1, 2, 3], [1, 2, 3], [1, 2, 3], [1, 2, 3], [1, 2, 3], [1, 2, 3], [1, 2, 3], [1, 2, 3]];
Operacoes =[[16, 4], [25, 10], [36, 12], [49, 14], [64, 16], [81, 576, 27], [100, 810, 30], [121, 1100, 33], [144, 1452, 36], [169, 1872, 39], [196, 2366, 42], [225, 2940, 45], [256, 3600, 256], [289, 4352, 289], [324, 5202, 360], [361, 6156, 399], [400, 7220, 440], [441, 8400, 483], [484, 9702, 528], [529, 11132, 575], [576, 12696, 624], [625, 14400, 675], [676, 16250, 728], [729, 18252, 783], [784, 20412, 840], [841, 22736, 899], [900, 25230, 960]];
Tempos_tentados =[[7.059995550662279e-05, 9.510002564638853e-05], [0.0001553000183776021, 5.080003757029772e-05], [0.0001479999627918005, 4.7999899834394455e-05], [0.00027029996272176504, 0.00011180003639310598], [0.00028140004724264145, 0.00010159995872527361], [0.0003445999464020133, 0.0009968000231310725, 0.00011729996185749769], [0.00041500001680105925, 0.0015313999028876424, 0.00014030002057552338], [0.0006933000404387712, 0.002979799988679588, 0.00022170005831867456], [0.0010412000119686127, 0.0022936000023037195, 0.000130099942907691], [0.0017230999656021595, 0.006226400029845536, 0.00023170001804828644], [0.0024667999241501093, 0.005158100044354796, 0.0001998000079765916], [0.00753840000834316, 0.010211999993771315, 0.000255499966442585], [0.008896399987861514, 0.012653099955059588, 0.0007194000063464046], [0.018283899989910424, 0.022975100087933242, 0.0007010999834164977], [0.03842110000550747, 0.04127339995466173, 0.001094199949875474], [0.07640370004810393, 0.08352200000081211, 0.0014122000429779291], [0.14906810002867132, 0.19251699990127236, 0.0013467998942360282], [0.35945560003165156, 0.3108427000697702, 0.001249799970537424], [0.6173400999978185, 0.6255804999964312, 0.0017806999385356903], [1.267759400070645, 1.2619370999746025, 0.001255400013178587], [2.5694486000575125, 2.706237499951385, 0.0013197000371292233], [5.632316299946979, 5.8343737999675795, 0.0020987000316381454], [10.775446700048633, 11.354978900053538, 0.0016876999288797379], [22.04078539996408, 22.28293390001636, 0.0016781999729573727], [45.55455700005405, 45.99865860003047, 0.001719399937428534], [94.45819529995788, 93.68422910000663, 0.0019340000580996275], [191.37898269994184, 193.62630990007892, 0.0017757000168785453]];
N_Configurations =[[4, 1], [5, 2], [6, 2], [7, 2], [8, 2], [9, 64, 3], [10, 81, 3], [11, 100, 3], [12, 121, 3], [13, 144, 3], [14, 169, 3], [15, 196, 3], [16, 225, 16], [17, 256, 17], [18, 289, 20], [19, 324, 21], [20, 361, 22], [21, 400, 23], [22, 441, 24], [23, 484, 25], [24, 529, 26], [25, 576, 27], [26, 625, 28], [27, 676, 29], [28, 729, 30], [29, 784, 31], [30, 841, 32]];

%Parâmetros correspondentes ao K que retornou solução
Ks_solution =[2, 2, 2, 2, 2, 3, 3, 3, 3, 3, 3, 3, 3, 3, 3, 3, 3, 3, 3, 3, 3, 3, 3, 3, 3, 3, 3];
Operacoes =[4, 10, 12, 14, 16, 27, 30, 33, 36, 39, 42, 45, 256, 289, 360, 399, 440, 483, 528, 575, 624, 675, 728, 783, 840, 899, 960];
Tempo =[9.510002564638853e-05, 5.080003757029772e-05, 4.7999899834394455e-05, 0.00011180003639310598, 0.00010159995872527361, 0.00011729996185749769, 0.00014030002057552338, 0.00022170005831867456, 0.000130099942907691, 0.00023170001804828644, 0.0001998000079765916, 0.000255499966442585, 0.0007194000063464046, 0.0007010999834164977, 0.001094199949875474, 0.0014122000429779291, 0.0013467998942360282, 0.001249799970537424, 0.0017806999385356903, 0.001255400013178587, 0.0013197000371292233, 0.0020987000316381454, 0.0016876999288797379, 0.0016781999729573727, 0.001719399937428534, 0.0019340000580996275, 0.0017757000168785453];
N_Configurations =[1, 2, 2, 2, 2, 3, 3, 3, 3, 3, 3, 3, 16, 17, 20, 21, 22, 23, 24, 25, 26, 27, 28, 29, 30, 31, 32];
Solutions =[{0, 1}, {0, 2}, {0, 2}, {0, 2}, {0, 2}, {0, 1, 4}, {0, 1, 4}, {0, 1, 4}, {0, 1, 4}, {0, 1, 4}, {0, 1, 4}, {0, 1, 4}, {0, 2, 4}, {0, 2, 4}, {0, 2, 6}, {0, 2, 6}, {0, 2, 6}, {0, 2, 6}, {0, 2, 6}, {0, 2, 6}, {0, 2, 6}, {0, 2, 6}, {0, 2, 6}, {0, 2, 6}, {0, 2, 6}, {0, 2, 6}, {0, 2, 6}];
Check_if_correct =[1, 1, 1, 1, 1, 1, 1, 1, 1, 1, 1, 1, 1, 1, 1, 1, 1, 1, 1, 1, 1, 1, 1, 1, 1, 1, 1];

%Parâmetros para gráficos
Total_operacoes =[20, 35, 48, 63, 80, 684, 940, 1254, 1632, 2080, 2604, 3210, 4112, 4930, 5886, 6916, 8060, 9324, 10714, 12236, 13896, 15700, 17654, 19764, 22036, 24476, 27090];
Total_configurations =[5, 7, 8, 9, 10, 76, 94, 114, 136, 160, 186, 214, 257, 290, 327, 364, 403, 444, 487, 532, 579, 628, 679, 732, 787, 844, 903];
Total_time =[0.00016569998115301132, 0.00020610005594789982, 0.00019599986262619495, 0.000382099999114871, 0.00038300000596791506, 0.0014586999313905835, 0.002086699940264225, 0.0038948000874370337, 0.003464899957180023, 0.008181200013495982, 0.007824699976481497, 0.01800589996855706, 0.022268899949267507, 0.041960100061260164, 0.08078869991004467, 0.16133790009189397, 0.3429318998241797, 0.6715481000719592, 1.2447012999327853, 2.530951900058426, 5.277005800046027, 11.468788799946196, 22.13211330003105, 44.3253974999534, 91.55493500002194, 188.1443584000226, 385.00706830003764];


%Todos os parâmetros
P =0.75;
Size =[4, 5, 6, 7, 8, 9, 10, 11, 12, 13, 14, 15, 16, 17, 18, 19, 20, 21, 22, 23, 24, 25, 26, 27, 28, 29, 30];
Ks =[[1, 2], [1, 2], [1, 2], [1, 2], [1, 2], [1, 2], [1, 2], [1, 2], [1, 2], [1, 2], [1, 2], [1, 2], [1, 2], [1, 2], [1, 2], [1, 2], [1, 2], [1, 2], [1, 2], [1, 2], [1, 2], [1, 2], [1, 2], [1, 2], [1, 2], [1, 2], [1, 2]];
Operacoes =[[16, 4], [25, 5], [36, 6], [49, 7], [64, 8], [81, 9], [100, 10], [121, 11], [144, 12], [169, 26], [196, 28], [225, 30], [256, 32], [289, 34], [324, 36], [361, 38], [400, 180], [441, 189], [484, 198], [529, 207], [576, 216], [625, 225], [676, 234], [729, 243], [784, 252], [841, 261], [900, 270]];
Tempos_tentados =[[8.52999510243535e-05, 6.830005440860987e-05], [0.00012589991092681885, 3.839994315057993e-05], [0.00023550004698336124, 4.199997056275606e-05], [0.00016280007548630238, 4.3899985030293465e-05], [0.0003418999258428812, 6.009999196976423e-05], [0.0003942999755963683, 4.630000330507755e-05], [0.0005508000031113625, 6.430002395063639e-05], [0.0009080000454559922, 4.809990059584379e-05], [0.0016348999924957752, 9.180000051856041e-05], [0.0014612000668421388, 8.739996701478958e-05], [0.002651499933563173, 0.00021169998217374086], [0.00450430007185787, 9.159999899566174e-05], [0.01755840005353093, 0.000152900000102818], [0.02152299997396767, 0.00020380003843456507], [0.0353842000477016, 0.00016350008081644773], [0.07078340009320527, 0.00015580002218484879], [0.1483065999345854, 0.0005960999988019466], [0.321544700069353, 0.0006191000575199723], [0.699287399998866, 0.0003896999405696988], [1.3714297000551596, 0.0005270000547170639], [2.6200686000520363, 0.0006823999574407935], [5.765649699955247, 0.0006150000263005495], [10.78815629996825, 0.0005165000911802053], [22.774101099930704, 0.0005609000800177455], [45.535445900051855, 0.0005517000099644065], [93.28641439997591, 0.0007178999949246645], [192.61861340003088, 0.0010942999506369233]];
N_Configurations =[[4, 1], [5, 1], [6, 1], [7, 1], [8, 1], [9, 1], [10, 1], [11, 1], [12, 1], [13, 2], [14, 2], [15, 2], [16, 2], [17, 2], [18, 2], [19, 2], [20, 9], [21, 9], [22, 9], [23, 9], [24, 9], [25, 9], [26, 9], [27, 9], [28, 9], [29, 9], [30, 9]];

%Parâmetros correspondentes ao K que retornou solução
Ks_solution =[2, 2, 2, 2, 2, 2, 2, 2, 2, 2, 2, 2, 2, 2, 2, 2, 2, 2, 2, 2, 2, 2, 2, 2, 2, 2, 2];
Operacoes =[4, 5, 6, 7, 8, 9, 10, 11, 12, 26, 28, 30, 32, 34, 36, 38, 180, 189, 198, 207, 216, 225, 234, 243, 252, 261, 270];
Tempo =[6.830005440860987e-05, 3.839994315057993e-05, 4.199997056275606e-05, 4.3899985030293465e-05, 6.009999196976423e-05, 4.630000330507755e-05, 6.430002395063639e-05, 4.809990059584379e-05, 9.180000051856041e-05, 8.739996701478958e-05, 0.00021169998217374086, 9.159999899566174e-05, 0.000152900000102818, 0.00020380003843456507, 0.00016350008081644773, 0.00015580002218484879, 0.0005960999988019466, 0.0006191000575199723, 0.0003896999405696988, 0.0005270000547170639, 0.0006823999574407935, 0.0006150000263005495, 0.0005165000911802053, 0.0005609000800177455, 0.0005517000099644065, 0.0007178999949246645, 0.0010942999506369233];
N_Configurations =[1, 1, 1, 1, 1, 1, 1, 1, 1, 2, 2, 2, 2, 2, 2, 2, 9, 9, 9, 9, 9, 9, 9, 9, 9, 9, 9];
Solutions =[{0, 1}, {0, 1}, {0, 1}, {0, 1}, {0, 1}, {0, 1}, {0, 1}, {0, 1}, {0, 1}, {0, 2}, {0, 2}, {0, 2}, {0, 2}, {0, 2}, {0, 2}, {0, 2}, {0, 9}, {0, 9}, {0, 9}, {0, 9}, {0, 9}, {0, 9}, {0, 9}, {0, 9}, {0, 9}, {0, 9}, {0, 9}];
Check_if_correct =[1, 1, 1, 1, 1, 1, 1, 1, 1, 1, 1, 1, 1, 1, 1, 1, 1, 1, 1, 1, 1, 1, 1, 1, 1, 1, 1];

%Parâmetros para gráficos
Total_operacoes =[20, 30, 42, 56, 72, 90, 110, 132, 156, 195, 224, 255, 288, 323, 360, 399, 580, 630, 682, 736, 792, 850, 910, 972, 1036, 1102, 1170];
Total_configurations =[5, 6, 7, 8, 9, 10, 11, 12, 13, 15, 16, 17, 18, 19, 20, 21, 29, 30, 31, 32, 33, 34, 35, 36, 37, 38, 39];
Total_time =[0.00015360000543296337, 0.00016429985407739878, 0.0002775000175461173, 0.00020670006051659584, 0.00040199991781264544, 0.00044059997890144587, 0.0006151000270619988, 0.000956099946051836, 0.0017266999930143356, 0.0015486000338569283, 0.0028631999157369137, 0.004595900070853531, 0.01771130005363375, 0.021726800012402236, 0.035547700128518045, 0.07093920011539012, 0.14890269993338734, 0.32216380012687296, 0.6996770999394357, 1.3719567001098767, 2.620751000009477, 5.766264699981548, 10.78867280005943, 22.77466200001072, 45.53599760006182, 93.28713229997084, 192.61970769998152];
